001102008.bmp 84 28 102 42 0 170 95 180 104 2
000482007.bmp 77 18 96 30 0
000080001.bmp 95 21 117 37 0
000090009.bmp 148 161 166 188 0 136 107 146 117 2 123 109 132 119 2
000588006.bmp 45 23 63 37 0
000591004.bmp 63 161 81 172 0 116 110 127 121 2
000052003.bmp 124 88 146 108 0
001085005.bmp 93 73 99 80 2 145 155 153 162 2
001068004.bmp 95 76 104 85 2 27 64 40 84 2
000187004.bmp 71 21 89 36 0
000927008.bmp 79 122 100 142 0
000803003.bmp 134 55 146 66 2 110 235 130 251 0
000024003.bmp 183 180 208 216 2 98 243 111 256 2
000255002.bmp 76 184 91 195 0
000809006.bmp 110 75 117 83 2 110 66 116 73 2 104 42 109 48 2
000494009.bmp 102 68 129 98 0
000429008.bmp 126 33 136 43 0
000465011.bmp 38 65 62 99 0
000476005.bmp 105 75 123 102 0
000140006.bmp 67 21 84 31 0
000967011.bmp 87 197 106 209 0
000702005.bmp 81 189 100 202 0
000972004.bmp 86 22 102 36 0
000843004.bmp 89 33 95 39 2 74 53 81 59 2 120 90 126 96 2 137 84 144 91 2 154 93 159 99 2 134 117 140 124 2 23 130 29 136 2 54 166 60 172 2 96 178 102 184 2
001113008.bmp 57 139 72 152 0
000731004.bmp 50 44 63 54 2
000435001.bmp 98 225 122 245 0
000379006.bmp 53 140 68 154 0
000900002.bmp 96 128 111 144 2
000017011.bmp 52 113 64 126 2
000739004.bmp 96 118 123 147 0
000671010.bmp 75 161 87 169 0
000821005.bmp 127 118 146 146 0
000712004.bmp 32 141 38 149 2
000573009.bmp 78 38 84 44 2 112 108 120 119 2
000597002.bmp 32 34 49 47 0 142 90 148 96 2
000621006.bmp 92 188 116 204 0
000407004.bmp 55 98 83 115 0
000149007.bmp 90 226 119 243 0
000746008.bmp 74 22 87 33 0
000741002.bmp 23 48 43 65 2
000290008.bmp 114 39 125 51 2 154 118 163 128 2
000850005.bmp 127 130 148 154 0
000050005.bmp 124 168 142 186 0
000030002.bmp 33 32 51 47 0 95 99 103 107 2
000873002.bmp 80 95 96 110 2 46 47 54 55 2
001080008.bmp 51 168 79 185 0
000615003.bmp 48 119 60 136 2 150 133 161 143 2 159 208 169 217 2 126 214 143 229 2 69 205 82 218 2 117 183 131 197 2 109 166 120 176 2 92 164 105 177 2 86 175 99 186 2 89 187 101 197 2 31 195 42 207 2 25 172 33 184 2 31 152 46 171 2 21 141 33 152 2 21 155 34 165 2 32 125 39 134 2 19 116 33 129 2 12 133 23 145 2 40 85 51 98 2 36 105 46 114 2 29 104 38 116 2 133 54 147 65 0
000846010.bmp 73 34 81 41 2
000988010.bmp 75 30 102 49 0
001099003.bmp 35 120 57 146 0
000578009.bmp 25 70 39 83 2
000804009.bmp 14 136 25 150 2 26 116 41 132 2 23 117 29 124 2 70 95 80 107 2 93 219 105 227 0
000690005.bmp 43 139 59 154 2 74 163 92 174 0
000405001.bmp 104 170 119 183 0
000748001.bmp 120 157 135 172 2 163 80 176 97 2 103 27 122 40 0
000039006.bmp 139 132 153 145 2 105 31 119 44 0
000524007.bmp 79 21 100 35 0
000869001.bmp 39 209 55 224 2 75 70 90 80 2 18 141 30 155 2 25 121 34 129 2
000187011.bmp 74 23 91 35 0
000965009.bmp 107 72 118 83 2
000269005.bmp 60 161 80 174 0
000642010.bmp 21 150 29 159 2
000479006.bmp 61 165 79 179 0
000102009.bmp 80 88 99 103 0 145 163 160 180 2 94 105 112 120 2
000424006.bmp 61 19 78 31 0
000740004.bmp 96 21 111 36 0
000738001.bmp 60 166 78 176 0
000641009.bmp 94 24 111 35 0
000045007.bmp 123 108 146 134 0
000944011.bmp 69 160 89 172 0 83 30 99 39 2 67 37 76 43 2
000701011.bmp 84 89 90 96 2 59 179 75 191 0
000888011.bmp 69 148 77 158 2
000543007.bmp 67 20 91 33 0
000335002.bmp 22 96 38 121 0
000878006.bmp 43 151 63 172 0
000280009.bmp 70 26 94 42 0
000569002.bmp 93 22 110 40 0
000229009.bmp 82 88 112 105 0
000355004.bmp 18 127 38 152 0 83 147 97 162 2 80 164 91 180 2 97 171 109 187 2 67 171 77 180 2 61 181 78 200 2
000824009.bmp 73 233 94 253 0
000527004.bmp 97 41 122 57 0 26 107 37 123 2 12 165 19 177 2 19 166 29 177 2 18 177 28 191 2
000554011.bmp 80 203 92 214 0
000287001.bmp 91 170 103 179 0
000637001.bmp 51 27 66 42 0
000132002.bmp 89 85 100 94 2
000987001.bmp 64 23 87 40 0
000606002.bmp 60 167 77 181 0 51 37 59 44 2 162 96 167 104 2
000805004.bmp 134 52 146 62 2 112 35 124 45 2 78 185 94 196 0
001043006.bmp 68 20 80 32 0
000465008.bmp 146 88 157 101 0
000455005.bmp 83 26 108 42 0
000921002.bmp 107 246 124 258 0
000690006.bmp 63 161 87 174 0
000059005.bmp 137 159 143 166 2 25 70 32 78 2
000030004.bmp 152 121 160 130 2 17 121 26 131 2 121 172 131 181 2
000025004.bmp 53 146 64 155 2
000745004.bmp 80 82 105 98 0
000523004.bmp 86 79 93 89 2
001075009.bmp 72 156 93 169 0
001039006.bmp 68 192 77 201 2
000707011.bmp 52 22 68 33 0
000705011.bmp 162 137 168 144 2
000034006.bmp 187 123 203 138 2 191 163 200 173 2 203 161 212 172 2 137 107 147 118 2 90 98 98 107 2 91 84 105 99 2 102 74 111 85 2 109 64 119 73 2 110 56 123 68 2 79 117 90 130 2 74 127 86 140 2 190 80 199 90 2
000992003.bmp 52 212 72 227 0
000004010.bmp 74 178 95 193 0
000570011.bmp 87 41 95 48 2
001061009.bmp 83 27 98 37 0
000419009.bmp 86 242 107 255 0
000606010.bmp 94 164 120 180 0 78 152 85 159 2 140 57 151 69 2 132 36 138 43 2
000359007.bmp 63 227 80 241 0
000111007.bmp 76 203 99 221 0
000842001.bmp 86 23 101 34 0
000035003.bmp 112 32 135 54 0
001068002.bmp 40 176 56 191 2 24 143 35 159 2 67 75 80 89 2 44 215 55 227 2 84 28 101 46 0
000523009.bmp 57 29 84 43 0 104 101 110 108 2 101 73 107 79 2 104 117 110 123 2 85 87 91 93 2 76 87 82 93 2 92 78 97 84 2 62 105 69 111 2 50 87 56 93 2 83 77 89 83 2 32 90 38 96 2 37 50 42 56 2
000585002.bmp 92 74 100 82 2
000577009.bmp 173 102 181 110 2 189 140 196 149 2 170 79 176 87 2
000755010.bmp 140 59 159 94 0
000752001.bmp 98 175 116 190 0
000803001.bmp 139 218 166 240 0
000233004.bmp 37 201 55 216 0 35 190 44 200 2
000727009.bmp 92 211 118 226 0
000620006.bmp 20 140 43 165 0
000357001.bmp 87 151 102 164 0
001109010.bmp 63 175 81 187 0
000405002.bmp 93 170 113 184 0
000617008.bmp 118 111 124 119 2 130 47 147 65 0
000365009.bmp 43 31 71 47 0
000350001.bmp 43 108 68 136 0
001041002.bmp 100 26 120 38 0
000873004.bmp 12 112 21 126 2 72 61 82 70 2 79 164 98 178 0
000233002.bmp 54 159 67 175 2 57 92 68 102 2 30 105 43 117 2 40 204 72 226 2 78 216 90 225 2 101 206 119 221 0
000026010.bmp 92 185 121 200 0
000873011.bmp 32 54 38 62 2 47 109 63 125 2 130 70 138 80 2
000068010.bmp 77 60 88 71 2
000710004.bmp 85 180 99 190 0
000567004.bmp 19 128 35 146 0
001058002.bmp 87 21 105 33 0
001112008.bmp 151 120 165 134 2 91 108 101 116 2 173 90 180 99 2 148 75 156 82 2 168 73 174 80 2 178 105 186 116 2
000063003.bmp 94 124 105 135 2
000708002.bmp 35 73 45 84 2 63 102 74 113 2
000291010.bmp 64 20 79 29 0
001093001.bmp 38 63 58 83 0
001028006.bmp 99 22 116 39 0
000901009.bmp 76 22 99 40 0
000831007.bmp 72 23 92 36 0
000678006.bmp 23 96 32 108 2
000626008.bmp 70 26 92 42 0
000649009.bmp 108 25 122 36 0
000201003.bmp 73 208 99 235 0
000782003.bmp 80 195 95 208 0
001024001.bmp 145 133 154 141 2
001052008.bmp 15 180 29 207 0
000420004.bmp 19 129 27 138 2 25 97 34 106 2 33 161 40 170 2 130 145 152 171 2
001039004.bmp 53 96 67 109 2 63 162 75 172 2 94 180 111 193 2
000187006.bmp 71 18 89 30 0
000514009.bmp 16 86 26 100 2 45 39 56 50 2 70 22 84 33 2 132 51 141 61 2 124 58 136 70 2 81 186 92 197 0
000269004.bmp 66 157 84 171 0
000692003.bmp 92 232 107 244 0 94 190 106 202 2
000467008.bmp 84 21 99 33 0
000118004.bmp 56 73 78 89 0 46 223 66 243 2
000503011.bmp 70 190 92 203 0
000547008.bmp 109 148 117 158 2 158 176 166 184 2 142 47 152 55 2 109 206 132 221 0
000133001.bmp 105 22 121 36 0
000443003.bmp 58 21 77 33 0
000222007.bmp 87 202 106 217 0
000507002.bmp 8 117 30 144 0
000114008.bmp 14 146 25 163 2
001025004.bmp 60 18 74 31 0
000054007.bmp 46 67 59 80 2 24 95 45 122 2 98 29 116 46 0 167 121 182 137 2
000844005.bmp 106 122 117 133 2 97 143 104 151 2 119 233 127 241 2
001102001.bmp 122 19 137 31 0
000043006.bmp 65 228 94 248 0
000565006.bmp 88 23 106 35 0
000710002.bmp 81 181 97 192 0
000243011.bmp 90 168 105 178 0
000545010.bmp 32 127 40 135 2
000346005.bmp 83 180 106 194 0
000484010.bmp 74 20 88 33 0
000341004.bmp 121 108 133 120 2 105 123 117 138 2
000684001.bmp 76 160 85 169 2
000061002.bmp 70 185 99 203 0
000204005.bmp 150 157 159 167 2
001022002.bmp 50 26 66 37 0
000414004.bmp 61 39 88 57 0
000927003.bmp 73 52 84 62 2
000120002.bmp 53 21 80 38 0
001103005.bmp 67 19 81 28 0
000304005.bmp 96 23 115 34 0
000478001.bmp 86 98 112 126 0
000841005.bmp 70 155 87 167 0
000500003.bmp 186 140 207 172 0
000026011.bmp 72 184 98 200 0
000426005.bmp 87 180 99 189 0
000043001.bmp 138 213 163 233 0
000062009.bmp 115 180 132 201 2 119 198 142 219 2
000727008.bmp 97 212 120 228 0
000416006.bmp 100 143 115 157 2 83 227 98 240 2
000467006.bmp 78 20 92 32 0
000436011.bmp 15 90 35 117 0
000088001.bmp 102 191 130 206 0
000355002.bmp 115 116 139 140 0 130 164 138 173 2
000668002.bmp 19 109 28 120 2 64 70 75 80 2
000984011.bmp 85 22 95 32 0
000970008.bmp 97 177 116 190 0
000668006.bmp 83 24 100 34 0 141 146 150 154 2
000017009.bmp 69 22 90 36 0
000005001.bmp 114 189 125 202 0
000513005.bmp 93 220 110 236 0
000367011.bmp 104 191 129 207 0
000755002.bmp 55 53 86 82 0
000397009.bmp 22 148 32 159 2
000077009.bmp 81 177 96 187 0
000155010.bmp 63 201 93 221 0 157 74 166 84 2
001048006.bmp 79 28 94 45 0
000748006.bmp 41 50 51 62 2 52 71 66 87 2 19 83 29 101 2
000837010.bmp 93 19 113 31 0
001061010.bmp 74 30 91 42 0
001050003.bmp 77 174 99 187 0
000259005.bmp 81 184 100 195 0
000578002.bmp 79 25 97 38 0 160 137 169 147 2 175 128 183 143 2
001123003.bmp 94 19 108 30 0
000867010.bmp 24 40 41 53 0
000367004.bmp 56 185 70 197 0
000025005.bmp 98 203 114 214 0
000422002.bmp 125 160 138 175 2 126 177 141 190 2 106 196 118 209 2
000351002.bmp 49 42 71 87 2
000841003.bmp 86 154 101 165 0
001077008.bmp 46 229 63 244 0
000424007.bmp 61 23 78 34 0
000467001.bmp 95 29 104 38 0
000854006.bmp 130 167 139 176 0
000407003.bmp 85 96 115 117 0
000887010.bmp 46 185 62 202 0
000916007.bmp 102 20 124 36 0
001075008.bmp 73 157 94 168 0
000974007.bmp 57 159 81 172 0
000817004.bmp 98 119 114 137 0 104 104 118 118 2
000796004.bmp 93 156 101 164 2
000381008.bmp 78 56 85 65 2 104 60 112 70 2 66 163 80 175 0
000433010.bmp 58 73 66 82 2
000744007.bmp 107 52 114 58 2
001074005.bmp 170 77 181 91 2
000179010.bmp 30 155 48 172 0
001112010.bmp 77 122 88 133 2 22 106 30 115 2
000128009.bmp 113 48 120 57 2 145 70 155 79 2
000039009.bmp 62 21 93 41 0 29 129 43 141 2 82 135 96 148 2 112 134 119 143 2 127 123 135 133 2 154 179 163 189 2 143 191 151 200 2
000075011.bmp 124 143 136 157 2
000813011.bmp 141 24 154 41 0
000967008.bmp 95 192 109 199 0
000263006.bmp 64 76 88 100 0
000108003.bmp 57 164 76 178 0
001089002.bmp 22 101 41 126 0
000327011.bmp 27 48 43 62 0
000070005.bmp 92 168 119 196 0
001024008.bmp 22 72 34 83 2 129 70 137 79 2
000332002.bmp 62 20 86 36 0
000092006.bmp 55 16 72 33 0
000715002.bmp 38 158 60 175 0
000018011.bmp 159 158 172 174 2
000699007.bmp 64 141 83 159 2 32 119 40 129 2
000179009.bmp 49 150 71 170 0
000987010.bmp 86 24 105 37 0
001037004.bmp 115 234 136 248 0
000066004.bmp 57 64 83 84 0
000798011.bmp 53 48 71 66 2
000764005.bmp 167 71 181 91 0
000313009.bmp 76 234 91 250 0
000875004.bmp 100 22 116 36 0
000682011.bmp 100 31 124 45 0
000064003.bmp 69 19 82 30 0
000954007.bmp 42 94 60 112 0
000764007.bmp 113 77 134 101 0
000833011.bmp 118 93 137 116 0
000626006.bmp 87 31 104 44 0
000514008.bmp 92 24 113 37 2 78 42 90 53 2 84 191 96 200 0
000352009.bmp 108 77 129 92 0 98 123 112 137 2 136 137 154 152 2 182 163 191 179 2 175 184 183 194 2
000673007.bmp 68 146 88 164 0
000645005.bmp 23 53 37 66 0
000661006.bmp 96 71 107 81 2 106 76 117 88 2 33 66 45 80 2 56 90 64 99 2
000732011.bmp 125 102 135 113 2
000216003.bmp 155 101 173 131 0
001107002.bmp 135 115 148 125 2 194 157 203 171 2 124 32 141 47 0
000879008.bmp 102 201 118 213 0
000005002.bmp 112 185 127 199 0
000645003.bmp 88 49 105 63 0
001010004.bmp 103 237 120 254 0
000853008.bmp 88 24 114 37 0
000437005.bmp 84 165 96 177 0
000643006.bmp 83 68 101 81 2 96 83 106 94 2 137 159 145 167 2 72 22 85 34 0
000815003.bmp 11 121 27 139 0
000638007.bmp 53 149 62 157 2
000793003.bmp 51 142 61 150 2
000283001.bmp 76 17 95 31 0
000698006.bmp 73 125 96 147 0
001059005.bmp 73 191 86 203 0
000271007.bmp 60 26 84 43 0
000503009.bmp 86 191 104 202 0
000800007.bmp 68 158 82 189 2
000097002.bmp 97 229 109 241 0
000643003.bmp 76 25 91 37 0
000270003.bmp 91 22 115 39 0 85 65 92 73 2 54 117 61 125 2 55 144 64 152 2 74 152 80 160 2 114 127 124 136 2
000417011.bmp 55 20 76 32 0
000054006.bmp 112 23 132 37 0 71 57 86 69 2 52 85 72 113 2
000005004.bmp 100 187 121 205 0
000692010.bmp 23 117 30 125 2
000632001.bmp 49 26 70 41 0
000515011.bmp 94 36 115 51 0
000339011.bmp 73 180 98 199 0
001119001.bmp 36 30 52 46 0
000460007.bmp 62 242 82 256 0
000672009.bmp 99 107 121 123 0
000299007.bmp 60 17 83 30 0
000589009.bmp 88 41 104 55 0
000944008.bmp 100 48 108 55 2 20 110 26 116 2 16 77 22 83 2 18 103 24 109 2 80 58 87 66 2 64 68 71 75 2 69 73 75 79 2
000692009.bmp 46 112 56 122 2
000347003.bmp 92 108 118 137 0
000842010.bmp 88 26 109 40 0
000730007.bmp 71 28 92 45 0
000497006.bmp 70 127 88 173 2
000770008.bmp 111 37 120 46 2 101 41 106 47 2 94 42 100 48 2 102 49 108 55 2 111 56 117 62 2
000847007.bmp 61 21 81 33 0
000548002.bmp 37 55 46 62 2
000051011.bmp 38 149 62 170 0
000185007.bmp 35 176 57 208 0
000422003.bmp 56 170 71 183 2 59 185 76 198 2 49 204 61 216 2 121 171 158 204 2
000415003.bmp 29 48 49 70 0
000967002.bmp 78 195 95 206 0
000286001.bmp 77 215 99 234 0
000083011.bmp 48 38 69 52 2 28 75 37 83 2
000425008.bmp 87 56 115 72 0
000298001.bmp 84 213 105 233 0
000118002.bmp 103 69 126 87 0 142 218 156 243 2
000227001.bmp 8 69 17 82 0
000278007.bmp 69 32 96 48 0
000760006.bmp 64 21 80 33 0
000932008.bmp 70 22 84 30 0
000708010.bmp 17 116 24 126 2
000935006.bmp 69 22 87 34 0
000051004.bmp 81 37 93 47 2
000511009.bmp 68 22 91 35 0
001121003.bmp 73 73 79 80 2 112 139 118 146 2 145 118 151 125 2 148 95 154 103 2
000482009.bmp 71 21 86 31 0
001072005.bmp 90 185 105 202 2
001010009.bmp 91 155 100 166 2
000865009.bmp 137 122 153 140 2 120 247 141 260 0 165 186 179 202 2 172 156 184 168 2 179 197 189 210 2 173 128 181 137 2 186 154 194 163 2 188 142 199 155 2 190 176 201 189 2
000555006.bmp 73 23 86 33 0
000744003.bmp 63 19 84 28 0
000345001.bmp 98 74 121 93 0
000760011.bmp 87 43 99 51 2
000577003.bmp 94 24 120 38 0 68 92 77 100 2
000045006.bmp 150 107 167 134 0
000894001.bmp 158 40 182 60 0
000220007.bmp 91 223 114 235 0
000064011.bmp 68 20 96 34 0
001074002.bmp 118 73 126 81 2 128 85 137 94 2
000157004.bmp 87 252 112 274 0
000059011.bmp 33 94 42 105 2
000914009.bmp 18 160 27 171 2
000089007.bmp 127 69 141 85 2
000740006.bmp 74 27 92 42 0
000637008.bmp 107 26 124 42 0
000812006.bmp 163 118 172 132 2
000178001.bmp 122 191 142 208 0
000205009.bmp 112 165 131 197 2 125 103 137 119 2
000051009.bmp 98 160 121 179 0
001084001.bmp 64 23 92 39 0
000970007.bmp 94 174 112 187 0
000917008.bmp 12 58 24 79 0
001053004.bmp 57 32 70 44 2 146 211 160 226 0
000880002.bmp 63 52 72 59 2 24 83 30 90 2 54 174 71 187 0
000904007.bmp 60 23 77 35 0
001015005.bmp 31 101 40 110 2 31 113 39 122 2 158 71 165 79 2 157 125 166 134 2
000050001.bmp 79 31 93 44 2
000758008.bmp 52 33 66 45 0
001102004.bmp 92 22 112 39 0
000393008.bmp 66 246 81 259 0
000840003.bmp 139 137 155 160 0
000906007.bmp 109 25 129 37 0
001031002.bmp 95 29 108 39 0 102 39 114 45 2
001066006.bmp 73 43 99 63 0
000413005.bmp 89 81 118 97 0 162 147 175 161 2
000430004.bmp 91 170 112 181 0
000330007.bmp 82 89 93 100 2
000606001.bmp 80 37 86 43 2 60 60 74 70 2 71 166 92 183 0
000335008.bmp 55 105 62 115 2
000888009.bmp 37 115 43 121 2
000836008.bmp 85 105 93 115 2
001019008.bmp 87 61 102 74 0 76 173 85 184 2 142 154 151 165 2 137 91 147 101 2
000923008.bmp 101 20 114 31 0
001103009.bmp 79 21 92 30 0
000353009.bmp 29 40 41 53 2 58 139 76 155 0
000409003.bmp 100 62 120 78 2
000291008.bmp 74 21 90 31 0
000741001.bmp 44 44 67 64 2
000177006.bmp 140 145 164 173 0
000550010.bmp 55 144 67 154 2
000120001.bmp 74 19 100 37 0
001122007.bmp 60 241 81 259 0
000116003.bmp 84 173 96 182 0
000999006.bmp 74 20 83 29 0
000945002.bmp 75 21 92 33 0
001108010.bmp 34 38 58 59 0
000744010.bmp 72 20 88 30 0
000478011.bmp 56 97 81 125 0
001010008.bmp 128 152 137 161 2
000052007.bmp 94 128 106 140 2 114 229 124 241 2 30 107 42 122 2 15 137 24 147 2 21 146 30 156 2 20 164 30 176 2 29 155 41 171 2 39 150 50 164 2 50 150 60 163 2 122 206 133 215 2 83 186 92 196 2 129 174 137 183 2
000943001.bmp 82 201 97 214 0
000716005.bmp 38 81 50 94 2 100 143 110 154 2 64 221 87 240 0
000064007.bmp 44 160 52 168 2
000937010.bmp 82 23 94 34 0
000327006.bmp 132 36 150 52 0
000921001.bmp 110 239 131 255 0
000016010.bmp 69 76 88 94 0 117 63 123 69 2 110 66 115 71 2 114 72 119 77 2
000525006.bmp 37 27 58 43 0
000867007.bmp 108 36 126 53 0
000478002.bmp 39 102 61 127 0
001126003.bmp 162 176 173 190 2
000754001.bmp 72 20 82 32 0
000608006.bmp 59 141 77 150 0
000164006.bmp 69 118 84 133 2
001122002.bmp 102 248 120 263 0
000485004.bmp 86 177 99 188 0
000665011.bmp 140 62 154 82 0
000232008.bmp 83 24 107 39 0
000005005.bmp 85 180 110 200 0
000420008.bmp 79 198 102 214 0
000137004.bmp 84 43 95 52 2 42 122 51 131 2 91 153 100 161 2
001082005.bmp 96 65 106 76 2
000298010.bmp 104 220 116 233 0
000848004.bmp 67 207 78 219 2 57 197 71 211 2 52 164 65 176 2
000112002.bmp 63 155 82 167 0
000413008.bmp 95 194 105 206 2 11 150 21 167 2
000658007.bmp 170 53 181 67 2 196 117 212 135 0
000610004.bmp 60 183 78 200 0 79 104 94 117 2 98 44 106 52 2
000706011.bmp 137 119 149 133 0
000440002.bmp 52 25 68 37 0 50 36 60 44 2
000695011.bmp 95 32 123 54 0
000502005.bmp 112 45 125 59 2
000742004.bmp 76 25 101 40 0
000519011.bmp 88 174 96 181 2
000846009.bmp 95 32 104 39 2
000679010.bmp 64 23 87 36 0
000147009.bmp 69 20 87 34 0
000196004.bmp 61 180 77 198 2 30 57 45 75 2 45 144 54 152 2 45 189 53 198 2 109 115 120 125 2 75 95 84 105 2 69 98 76 105 2 68 40 81 53 2
001079009.bmp 46 68 54 77 2
000603007.bmp 129 119 136 127 2
000847002.bmp 113 62 125 73 2
000294007.bmp 88 178 106 192 0
000850006.bmp 105 134 135 154 0
000871001.bmp 72 20 85 32 0
000738010.bmp 58 166 81 177 0
000123009.bmp 80 129 95 143 2 99 52 116 72 2
000936009.bmp 108 65 117 72 2
000729001.bmp 38 143 53 158 2 27 201 39 220 2 11 179 26 197 2 93 224 119 241 0
000985005.bmp 179 152 189 167 2 164 165 171 176 2
000864002.bmp 58 194 70 205 2 14 119 28 131 0
000127004.bmp 62 186 71 194 2
000199007.bmp 78 184 101 199 0
000243005.bmp 56 164 74 177 0
000762002.bmp 53 147 67 162 2
000144006.bmp 80 188 104 206 0
001040003.bmp 155 107 171 132 0
001086010.bmp 141 116 152 126 2
000003008.bmp 36 180 47 190 2 73 77 85 90 2 115 78 125 90 2 142 105 154 117 2 128 119 139 128 2 136 203 144 211 2 158 185 165 193 2 145 197 152 205 2 121 207 129 215 2 134 210 142 218 2 135 97 145 107 2
000045011.bmp 9 111 19 127 0
000840009.bmp 16 168 26 182 2 43 101 59 116 2
001133010.bmp 156 113 164 123 2
000887004.bmp 150 174 163 188 0
000160003.bmp 35 75 55 98 0
000705001.bmp 69 195 89 211 0
000987008.bmp 100 22 111 32 0
000805009.bmp 73 176 88 192 0
000844006.bmp 69 117 77 125 2 90 227 98 235 2
000303008.bmp 72 19 94 31 0
001038002.bmp 74 190 101 211 0
001107008.bmp 16 152 26 167 2 83 25 103 38 0
000494001.bmp 15 56 31 71 0
000965007.bmp 164 79 173 90 2
001041003.bmp 89 21 109 35 0
000840001.bmp 62 91 80 103 2 23 115 32 124 2 12 131 22 141 2 20 142 31 154 2 48 159 60 174 2 58 150 88 177 2 87 148 97 157 2 62 153 72 163 2
000568002.bmp 54 20 76 35 0
000070004.bmp 141 163 161 190 0
000200002.bmp 84 207 103 221 0
000963010.bmp 57 36 73 50 2
000996007.bmp 92 160 104 170 0
000604007.bmp 146 161 153 169 2 123 37 139 50 2 163 94 172 107 2 162 111 177 126 2 54 110 74 131 2 125 81 133 89 2
000036003.bmp 64 17 88 30 0
000413006.bmp 106 156 119 170 2 63 87 95 104 0
001005002.bmp 178 134 198 159 0
001071009.bmp 14 95 29 121 0
000764011.bmp 20 67 38 88 0
000059003.bmp 81 64 90 73 2
000927010.bmp 23 122 40 147 0
000871006.bmp 47 101 55 109 2
000879010.bmp 85 204 101 217 0
000637007.bmp 115 30 128 42 0
000815008.bmp 137 133 150 148 0
000596007.bmp 58 50 85 69 0
000964004.bmp 126 145 144 164 0
000952007.bmp 67 22 80 33 0
000112008.bmp 72 154 93 166 0
000606008.bmp 24 98 31 105 2 71 50 79 57 2
000904008.bmp 53 25 76 40 0
000292011.bmp 11 79 27 109 0
000137005.bmp 52 45 66 56 2 55 157 64 165 2
000507009.bmp 139 121 158 153 0
001009006.bmp 99 225 123 240 0
000738008.bmp 93 163 110 174 0
000672003.bmp 80 83 101 103 0
000156003.bmp 43 32 66 47 0
000620004.bmp 66 144 90 167 0 108 76 115 83 2
000224002.bmp 71 34 103 55 2
000866010.bmp 92 105 110 122 2 67 49 78 60 2
000564010.bmp 62 21 79 32 0
000532003.bmp 76 191 93 205 0
000481001.bmp 36 67 42 74 2
000373008.bmp 70 19 90 31 0 39 65 48 75 2
000382010.bmp 138 69 145 79 2 98 181 111 192 0
000668005.bmp 88 21 103 33 0
000038009.bmp 77 204 96 220 0 119 168 129 179 2
000796001.bmp 58 141 71 156 2
000735007.bmp 73 24 88 35 0
000016011.bmp 22 75 41 95 0 71 64 76 69 2 63 66 70 72 2
000481006.bmp 67 20 82 34 0
000438010.bmp 83 172 102 182 0
001085007.bmp 65 145 76 155 2
000446003.bmp 81 175 98 184 0
000900003.bmp 64 140 75 156 2
000954005.bmp 114 95 130 115 0
000268003.bmp 50 20 71 35 0
000530008.bmp 100 31 122 44 0
000233006.bmp 84 103 95 113 2 107 110 114 119 2
000690003.bmp 112 138 127 155 2
000578003.bmp 76 23 92 38 0 150 128 163 144 2 125 140 133 148 2 165 148 172 158 2 163 106 172 114 2
000789004.bmp 80 191 99 204 0
000558010.bmp 58 21 72 32 0
000146005.bmp 89 56 112 71 2
000980009.bmp 71 178 92 190 0
000487003.bmp 56 170 79 187 0
000152004.bmp 8 90 26 117 0
000551008.bmp 79 22 104 39 0
000802006.bmp 30 35 41 52 2
001082006.bmp 66 75 75 86 2
000555007.bmp 73 20 88 32 0
000590001.bmp 160 155 178 176 2 131 183 158 209 2 77 235 95 246 2
000423009.bmp 49 92 59 102 2 59 171 77 185 0
000493011.bmp 156 119 166 136 2
000721003.bmp 80 73 109 88 0 58 112 67 122 2 123 128 147 144 2 111 149 128 167 2 58 148 75 168 2 34 201 46 217 2 93 203 107 217 2 102 191 113 202 2 89 213 102 223 2 85 192 99 206 2 42 187 52 200 2 53 180 83 216 2
001118006.bmp 83 184 97 192 0
001026002.bmp 127 72 146 99 2 57 88 64 96 2 110 40 117 47 2
000039010.bmp 11 129 21 140 2 48 137 60 149 2 75 135 84 144 2 91 125 100 134 2 140 181 151 193 2 163 168 174 179 2 129 193 138 202 2
000561003.bmp 110 21 129 39 0 65 225 77 235 2 33 115 41 124 2 161 158 170 168 2 150 65 160 73 2
001045002.bmp 70 22 93 36 0
000287007.bmp 60 164 78 177 0
000944006.bmp 37 49 45 57 2 43 58 49 64 2 39 65 48 73 2 43 73 51 80 2 120 64 125 71 2 110 65 120 72 2 103 62 108 68 2 123 80 128 86 2 96 106 102 112 2 106 93 111 99 2 74 141 82 149 2 74 71 80 78 2 83 63 90 71 2 77 25 84 31 2 20 106 25 112 2 40 103 45 109 2 68 118 74 124 2
000754005.bmp 93 21 104 32 0
000178005.bmp 91 225 110 241 0
000311007.bmp 74 24 92 38 0
001035003.bmp 111 206 129 221 0
000418001.bmp 55 61 65 70 2
000411009.bmp 28 95 49 116 0
000507001.bmp 27 119 53 149 0
000215006.bmp 65 25 83 39 0
000621005.bmp 108 187 127 202 0
000814007.bmp 10 117 24 145 0
001029002.bmp 72 138 98 164 0
001064008.bmp 75 208 89 221 0
000174006.bmp 144 194 157 209 2
000190004.bmp 86 21 101 34 0
000939004.bmp 82 21 100 37 0
000869004.bmp 129 166 142 178 2 154 179 162 191 2 147 192 161 206 2 163 185 172 196 2 92 20 106 31 0
000035007.bmp 38 39 63 65 0
000543005.bmp 82 18 107 31 0
000039011.bmp 24 133 34 145 2 44 131 53 141 2 58 122 68 130 2 120 179 131 190 2 147 166 159 181 2 110 192 119 200 2
000021007.bmp 95 132 105 142 2 63 179 73 187 2 54 41 65 50 2 126 41 134 49 2 88 91 96 101 2
000993004.bmp 81 164 92 174 2 74 127 81 137 2 103 119 116 131 2
000897004.bmp 76 60 92 73 0
001016007.bmp 82 245 96 260 0 65 97 96 124 2 34 108 47 120 2 34 137 48 155 2 30 177 40 188 2 40 193 66 210 2 133 160 144 174 2
000840007.bmp 58 91 72 100 2 39 117 52 137 2 67 129 79 140 2 78 127 93 142 2 88 112 100 125 2 105 93 125 106 2 102 141 114 151 2 9 166 20 187 2 62 202 69 214 2
000251004.bmp 70 20 93 33 0
000598002.bmp 78 161 93 172 0
000907006.bmp 79 164 89 174 2 88 226 105 237 0
000104006.bmp 61 116 86 139 0
000765001.bmp 154 213 175 236 0
000520011.bmp 113 79 121 87 2
000932001.bmp 80 18 95 28 0
000089004.bmp 20 136 30 146 2
000054005.bmp 87 88 106 115 2 100 61 113 73 2 115 24 134 38 0
001016006.bmp 69 188 99 207 2 99 93 130 121 2 63 104 74 114 2 67 133 81 150 2 58 172 69 184 2 84 243 102 257 0
000497005.bmp 100 128 119 172 2
000064005.bmp 69 28 82 40 2 100 160 111 168 2 76 44 83 53 2
001116002.bmp 82 23 95 36 0
000100011.bmp 80 171 99 182 0
000571005.bmp 65 169 85 185 0
000387003.bmp 97 165 107 176 0
000359008.bmp 65 217 83 236 0
000943006.bmp 77 204 92 213 0
000336005.bmp 106 124 115 135 2
000857004.bmp 52 39 60 46 2 62 58 69 65 2 75 48 82 54 2 73 16 94 29 0
000751001.bmp 83 166 106 181 0
000621004.bmp 122 190 138 204 0
000272007.bmp 114 35 136 54 0
000717010.bmp 54 80 62 89 2
000062002.bmp 62 156 82 176 2 75 176 94 196 2
000354004.bmp 79 187 103 202 0
000671001.bmp 65 161 89 172 0
000930008.bmp 58 18 75 31 0
000530011.bmp 123 175 140 196 2 79 35 103 48 0
000278006.bmp 81 25 107 43 0
000207009.bmp 81 185 96 195 0
000267001.bmp 103 22 125 39 0
000059010.bmp 63 95 74 105 2
000561001.bmp 116 47 124 57 2 91 230 103 243 2 110 227 121 238 2
000740007.bmp 68 26 83 38 0
000098004.bmp 51 134 65 148 2 37 156 51 175 2
000614005.bmp 61 18 80 30 0
000283011.bmp 78 25 93 35 0
000041001.bmp 74 17 103 35 0
000594003.bmp 20 124 28 133 2
000300007.bmp 101 139 122 164 0
000297003.bmp 90 219 112 238 0
001133005.bmp 70 214 93 231 0 154 149 160 157 2
000884010.bmp 72 103 83 112 2
000058004.bmp 177 109 198 135 0
001025010.bmp 118 22 136 41 0
000553007.bmp 81 25 102 42 0
001028007.bmp 83 31 103 48 0
000188005.bmp 69 174 89 190 0
000781007.bmp 79 241 103 255 0
000316002.bmp 70 149 96 164 0
001084002.bmp 47 21 72 38 0
000922009.bmp 99 155 119 172 2 39 157 50 166 2
000579004.bmp 64 18 82 31 0
000099008.bmp 84 18 101 31 0
000418010.bmp 77 59 83 67 2
000833005.bmp 9 90 17 104 0
000721006.bmp 39 203 49 214 2
000480008.bmp 34 100 45 111 2
001093008.bmp 149 60 163 77 0
000426008.bmp 80 183 95 194 0
000804010.bmp 92 214 108 224 0 39 90 48 99 2 13 111 20 126 2
000860011.bmp 147 105 166 123 2 160 157 173 170 2 112 206 136 224 0
000411008.bmp 62 87 86 112 0
000869003.bmp 158 165 169 176 2 97 18 108 29 0
000199006.bmp 93 186 119 202 0
000417002.bmp 46 22 68 38 0
000954008.bmp 18 89 32 109 0
000998002.bmp 72 108 99 136 0
000546010.bmp 133 125 154 149 0
000262005.bmp 126 79 143 96 2 34 111 51 132 2 22 129 34 141 2 152 165 169 190 2 167 187 177 204 2 70 243 81 253 2 32 225 53 244 2 174 144 183 153 2 163 145 172 156 2 56 97 67 109 2
000597011.bmp 77 30 103 45 0
000399007.bmp 53 26 75 45 0
000755011.bmp 114 62 142 96 0
000636010.bmp 78 187 95 198 0
000787010.bmp 89 86 105 98 2
000223002.bmp 100 65 122 91 0
001032006.bmp 38 141 48 151 2 93 242 115 258 0
001117002.bmp 84 202 102 216 0
001133004.bmp 83 218 104 230 0
000692008.bmp 88 109 96 118 2 65 218 85 238 0
000716004.bmp 67 89 82 102 2 138 155 146 164 2 82 228 102 244 0
000816003.bmp 89 252 112 270 0
000786006.bmp 87 180 107 190 0
000742001.bmp 119 25 142 43 0
000279004.bmp 102 149 128 175 0
000660007.bmp 77 26 97 36 0
000870001.bmp 82 208 99 223 0 155 72 162 82 2
000999004.bmp 80 21 94 32 0
000105006.bmp 85 207 114 222 0
000807008.bmp 55 159 74 170 0
000371006.bmp 64 35 80 51 2
000411005.bmp 160 97 179 120 0
000485009.bmp 132 72 138 79 2 116 54 121 61 2 67 177 79 188 0
000470007.bmp 103 57 126 78 0
000156010.bmp 101 27 120 43 0
000559009.bmp 88 57 111 82 0
000199008.bmp 58 185 85 203 0
000901011.bmp 148 158 154 166 2
000479004.bmp 89 157 110 172 0
000075004.bmp 107 21 128 40 0
001067006.bmp 107 240 128 253 0
000221006.bmp 91 22 107 37 0
000029006.bmp 72 24 96 39 0
000783009.bmp 140 122 162 147 0
000381010.bmp 31 57 39 64 2 62 47 70 54 2
000993001.bmp 38 92 54 106 2 170 132 176 139 2 160 166 170 177 2
000603009.bmp 117 67 125 76 2 112 112 121 123 2
000658010.bmp 99 95 121 120 0 77 42 92 53 2 92 148 100 155 2 148 90 155 97 2
000787007.bmp 90 205 109 217 0
000319008.bmp 45 164 66 180 0 24 120 34 130 2
000434011.bmp 116 37 136 56 0
000797003.bmp 95 35 117 54 0
000332011.bmp 92 26 112 39 0
000097006.bmp 80 231 91 240 0
000363011.bmp 84 173 109 196 0
000629008.bmp 145 98 163 125 0
000167007.bmp 25 45 42 64 0
000500006.bmp 50 180 85 209 0
000018009.bmp 93 20 115 37 0 41 154 55 168 2
000670005.bmp 86 109 107 135 0 105 132 111 139 2
001055008.bmp 115 39 123 47 2
000011005.bmp 147 47 166 64 0
000920009.bmp 64 29 89 45 0
000989004.bmp 77 162 90 170 0
000586010.bmp 40 100 54 115 2 91 76 101 87 2 87 91 104 102 2 102 67 110 75 2 131 91 138 98 2 122 177 134 189 2
001065001.bmp 62 117 69 124 2 97 104 103 111 2 107 107 116 115 2
000508009.bmp 89 152 108 167 2
000235009.bmp 53 162 71 176 0
000322009.bmp 147 206 170 224 0
000035002.bmp 137 52 162 75 0
000698001.bmp 71 62 83 71 2
000204011.bmp 110 87 119 95 2 48 195 57 204 2 144 191 153 201 2 72 195 84 206 0
000981009.bmp 49 182 67 194 0
000084001.bmp 83 25 108 41 0
000970010.bmp 75 183 97 194 0
000431001.bmp 183 122 195 151 0
000514002.bmp 81 67 87 75 2 72 72 78 78 2 92 190 104 203 0
000617007.bmp 144 115 150 123 2
000965011.bmp 40 75 49 86 2
000190009.bmp 126 167 136 175 2
000340010.bmp 55 147 67 160 2
001028008.bmp 69 29 88 48 0
001049003.bmp 91 208 108 223 0
000886003.bmp 75 24 96 39 0
000561008.bmp 66 53 77 67 2 65 71 78 85 2 51 117 63 133 2 48 157 57 166 2 75 211 87 224 2 108 214 121 225 2 70 29 86 41 0
000787003.bmp 126 52 138 65 2
000791008.bmp 31 70 42 82 2 28 84 36 93 2
000823002.bmp 87 18 107 35 0
000028003.bmp 81 14 103 35 0
000899004.bmp 50 165 73 182 0
000577001.bmp 111 29 136 44 0 136 99 146 108 2 68 196 77 206 2 37 216 47 227 2
000646003.bmp 49 149 68 161 0 58 116 65 122 2 49 89 55 96 2 85 60 93 67 2
000982010.bmp 84 26 106 38 0
000144008.bmp 56 197 80 212 0
000877010.bmp 41 62 63 81 0
000689004.bmp 91 73 111 89 0
000227007.bmp 73 66 95 89 0
000288005.bmp 57 24 82 36 0
000584003.bmp 130 70 138 79 2
000914008.bmp 35 155 47 169 2
000125004.bmp 96 56 112 78 0
000917007.bmp 20 55 37 80 0
000175008.bmp 75 18 89 28 0
000967010.bmp 94 196 108 207 0
001113007.bmp 58 141 76 157 0
000846002.bmp 103 177 121 186 0 103 48 114 59 2 149 84 157 95 2
000446006.bmp 75 177 96 188 0
000587010.bmp 69 21 86 32 0
000610011.bmp 106 49 115 59 2
000459002.bmp 91 165 109 178 0
000946011.bmp 20 47 29 57 2 9 91 19 108 2
000123001.bmp 89 19 103 31 0
000040009.bmp 64 158 74 168 2
000329004.bmp 82 80 102 93 0
000510005.bmp 52 78 58 84 2
001074009.bmp 48 74 61 87 2
001047003.bmp 88 161 97 172 2 96 59 112 70 0
000034011.bmp 45 78 57 90 2 76 79 95 92 2 110 26 121 35 2 118 49 127 57 2 126 58 137 70 2 160 78 168 86 2 153 97 163 109 2 136 128 147 138 2 82 132 90 140 2 85 141 93 151 2 159 149 169 158 2 153 155 162 163 2 58 237 68 248 2 17 122 35 139 2
000580005.bmp 94 72 118 99 0
000247002.bmp 62 22 76 30 0
000702006.bmp 81 186 104 199 0
000756006.bmp 63 26 81 43 0
001047009.bmp 79 95 90 105 2
000205001.bmp 122 90 138 106 2 123 108 136 119 2 121 145 145 186 2
000296001.bmp 93 30 113 46 2
000914005.bmp 132 169 146 187 2
000957003.bmp 107 71 125 89 2 152 69 160 77 2 162 143 171 151 2 139 150 146 157 2 161 159 169 169 2
000482002.bmp 87 134 94 140 2
000662007.bmp 62 155 79 165 0
000931004.bmp 77 162 94 173 0
001078002.bmp 51 80 64 92 0
000880009.bmp 102 181 119 194 0 147 95 157 105 2
000158003.bmp 72 19 92 37 0 133 100 141 110 2
000837011.bmp 83 22 103 37 0
000056006.bmp 61 141 88 165 0
000572002.bmp 70 27 95 43 0
000965010.bmp 66 70 79 83 2
000199004.bmp 118 177 143 194 0
000657008.bmp 64 23 86 36 0
000155008.bmp 90 200 116 217 0
000222011.bmp 69 194 86 211 0 133 163 142 175 2
000513002.bmp 48 175 57 185 2
000371007.bmp 43 34 53 48 2 72 20 87 31 0
000432003.bmp 120 55 133 67 0
000179008.bmp 84 147 103 167 0
000797006.bmp 42 34 64 51 0
000069008.bmp 96 52 110 65 2
000943004.bmp 84 198 102 214 0
000606009.bmp 41 46 50 55 2 109 151 114 157 2 105 164 120 176 0
000446002.bmp 81 176 97 187 0
000855009.bmp 76 145 86 153 2
001045011.bmp 94 23 113 37 0
000828002.bmp 123 110 144 132 0
000462006.bmp 86 184 102 195 0
000122010.bmp 162 124 170 132 2 150 209 158 218 2
000667007.bmp 82 201 96 212 0
000164003.bmp 65 195 95 223 0 156 127 168 141 2
000430007.bmp 62 169 84 182 0
000736005.bmp 71 19 91 31 0 124 130 133 140 2
000298009.bmp 96 220 111 235 0
000705004.bmp 30 141 39 151 2
000263008.bmp 8 74 17 93 0
001012009.bmp 42 175 64 190 0
000806003.bmp 67 196 81 206 0
001030008.bmp 61 174 86 189 0
000736010.bmp 127 155 134 163 2
000143010.bmp 90 223 109 241 0
000957007.bmp 33 141 42 151 2 40 157 48 170 2
000662001.bmp 61 155 76 164 0
000313005.bmp 99 234 117 254 0
000886001.bmp 81 23 97 37 0
001113010.bmp 53 137 68 151 0
000891005.bmp 93 151 101 159 2
000534010.bmp 59 173 77 184 0 66 30 72 36 2 106 133 112 139 2 77 74 84 80 2 71 137 78 143 2
000365006.bmp 85 24 115 42 0
000645006.bmp 17 53 32 63 0
000742003.bmp 91 22 116 39 0
000124007.bmp 86 18 106 32 0
000415011.bmp 112 55 133 76 0
001098007.bmp 61 18 86 31 0 85 74 90 79 2
000949005.bmp 24 124 41 145 0 65 106 71 112 2 69 111 75 117 2
000691004.bmp 103 28 127 46 0
000907007.bmp 49 163 58 175 2 85 224 99 238 0
000757011.bmp 78 204 95 220 0
000821008.bmp 22 117 40 137 0
000542010.bmp 36 31 63 46 0
000736007.bmp 56 24 74 35 0 40 139 49 149 2
001024002.bmp 108 134 119 144 2 83 25 99 37 0
000691005.bmp 76 27 103 42 0
001096001.bmp 92 123 103 131 2
000965003.bmp 70 214 87 227 0
000383002.bmp 103 135 131 164 0
000780001.bmp 88 65 101 78 2 88 82 104 94 2
001063005.bmp 65 50 76 58 2
000697003.bmp 66 20 81 29 0
000733004.bmp 92 81 104 92 2
000714006.bmp 151 85 162 96 0
000687002.bmp 53 140 71 151 0
000944001.bmp 68 162 82 174 0 65 39 76 47 2 33 83 40 91 2 84 33 97 45 2 79 22 92 29 2 103 132 109 138 2
000505002.bmp 81 38 94 48 2 89 155 111 173 0
000820009.bmp 79 28 92 41 0
000481010.bmp 108 64 115 71 2
000437010.bmp 63 169 75 179 0
000372005.bmp 65 227 91 246 0
000814003.bmp 147 107 173 132 0
000452003.bmp 111 75 126 95 0
000936004.bmp 75 209 94 226 0
000711002.bmp 64 171 84 183 0
000196002.bmp 49 74 62 88 2 26 129 37 140 2 122 183 136 198 2 77 57 100 76 2 149 98 158 108 2 39 153 52 165 2 119 145 128 155 2 49 109 66 129 2
000385006.bmp 69 28 97 47 0
000438002.bmp 80 176 100 189 0
000893006.bmp 84 23 102 38 0 86 60 93 67 2 154 92 167 105 2 155 176 163 185 2
000979002.bmp 88 224 99 236 0
000073003.bmp 129 50 149 71 2
000270006.bmp 14 125 20 134 2 110 196 118 204 2 96 200 103 208 2 124 121 133 132 2 152 119 159 127 2 158 120 168 132 2 124 151 135 160 2 132 159 144 172 2 132 177 141 188 2 152 166 162 179 2 150 178 164 194 2 140 72 148 80 2 133 70 140 78 2 76 21 92 31 0 31 87 38 95 2 119 130 128 141 2
000616004.bmp 32 76 38 82 2
000750008.bmp 73 183 87 194 0
000493009.bmp 16 68 25 80 2 73 99 80 112 2
000353011.bmp 58 139 76 151 0
000020003.bmp 86 19 105 35 0
000320010.bmp 49 187 70 204 0
000422005.bmp 19 174 44 206 2 105 228 118 238 2 97 238 119 250 0 18 173 43 206 0 18 173 43 206 2 67 224 77 233 2 96 239 119 251 0
000124008.bmp 75 21 94 35 0
000220009.bmp 77 213 101 228 0
000757007.bmp 74 126 84 136 2 100 131 106 138 2 116 208 128 220 0
000979001.bmp 92 229 105 240 0
000223005.bmp 8 73 18 89 0
001079011.bmp 121 89 134 113 0
000133002.bmp 99 22 119 37 0
000580004.bmp 132 72 147 98 0
000009007.bmp 9 66 25 89 0 90 70 102 85 2
001066004.bmp 139 48 161 69 0
001098008.bmp 57 21 76 35 0 44 78 49 84 2
000149008.bmp 86 226 107 247 0
000668001.bmp 45 110 58 124 2 98 74 110 83 2
000128003.bmp 86 93 99 105 2 63 183 87 200 0
000408002.bmp 22 77 28 84 2 143 111 150 120 2 152 123 157 130 2
000876005.bmp 70 22 95 40 0
000347005.bmp 22 116 41 144 0
000528010.bmp 25 79 36 97 0 41 98 49 111 2 49 104 57 113 2
000402008.bmp 72 181 91 194 0
001076003.bmp 58 66 68 79 2 34 52 46 63 2
000067002.bmp 19 73 36 97 0
000059006.bmp 114 155 121 165 2
000329003.bmp 93 72 114 87 0
000875006.bmp 85 21 106 35 0
000053004.bmp 52 29 71 47 0
000296007.bmp 75 17 96 31 0
000960002.bmp 107 23 128 35 0
000963005.bmp 80 21 104 34 0 100 48 113 59 2
001112007.bmp 122 112 133 124 2 172 123 185 136 2 182 93 188 101 2
000953010.bmp 84 17 96 26 0
000660008.bmp 70 21 91 34 0
000873009.bmp 110 50 121 60 2 131 107 138 120 2
000993008.bmp 154 130 163 140 2 152 179 161 190 2
000629010.bmp 75 100 101 129 0
000148010.bmp 56 176 78 196 0
000935005.bmp 72 24 90 39 0
000038003.bmp 51 138 68 157 2 45 63 53 71 2 40 68 48 75 2
000525003.bmp 98 25 122 45 0
000637010.bmp 61 33 88 50 0
000759001.bmp 80 25 98 36 0
000698002.bmp 37 48 47 56 2
000114003.bmp 55 116 68 129 2
000988009.bmp 96 30 118 48 0
001047004.bmp 80 57 98 72 0 28 157 36 167 2
000785008.bmp 78 114 100 136 0 101 90 109 96 2 113 111 120 120 2 99 80 106 87 2
000024009.bmp 28 162 53 205 2
000419003.bmp 78 233 100 244 0
001122009.bmp 66 236 78 247 0
000594008.bmp 116 164 126 174 2 107 27 123 44 0
001013004.bmp 129 80 137 88 2
000613001.bmp 61 192 76 203 0
000650004.bmp 93 43 108 54 2 148 60 159 71 2
000455008.bmp 45 34 62 50 0
001076007.bmp 57 180 75 192 0
000728001.bmp 30 84 45 100 2 52 122 67 136 2 119 59 124 65 2
000840002.bmp 11 150 31 170 2
000820004.bmp 77 109 85 124 2
000058007.bmp 84 121 113 150 0
000550002.bmp 73 131 86 141 2
000093002.bmp 125 217 147 236 2
000783011.bmp 57 129 87 154 0
000555009.bmp 83 24 94 35 0
000136004.bmp 78 173 94 185 0
000014011.bmp 151 189 166 203 0
000409004.bmp 59 65 77 79 2
000907008.bmp 25 169 34 179 2
000979007.bmp 101 228 114 238 0
000732003.bmp 102 245 122 259 0 136 176 146 187 2 164 206 174 215 2
000084010.bmp 92 25 112 40 0
001123004.bmp 91 19 103 30 0
000049010.bmp 51 34 77 52 0 72 136 82 146 2
000053002.bmp 81 37 101 56 0
000869009.bmp 86 18 96 28 0 33 88 41 100 2 35 185 44 195 2 27 193 40 205 2 80 196 119 224 2
000683009.bmp 147 59 157 68 2 173 92 184 110 2
000634002.bmp 58 39 74 53 0
000080002.bmp 85 17 107 30 0
000264007.bmp 78 23 98 36 0
000062005.bmp 17 164 25 175 2
001030005.bmp 97 171 112 184 0
000710007.bmp 75 182 88 193 0
000632007.bmp 96 26 120 45 0
000972005.bmp 81 23 93 32 0
000817003.bmp 129 124 141 139 0 139 108 150 119 2
000838002.bmp 71 167 88 179 0
000289007.bmp 108 261 140 280 0
000756002.bmp 96 20 125 36 0
000030008.bmp 13 94 21 102 2 119 54 127 63 2
000340009.bmp 79 149 92 158 2
000801005.bmp 55 80 75 101 0
000235011.bmp 46 162 60 173 0
000550004.bmp 80 103 91 114 2 78 120 85 126 2
000659004.bmp 34 139 44 149 2
001015010.bmp 23 72 31 81 2
000936002.bmp 89 218 105 231 0 27 142 42 157 2 10 117 19 131 2
000595004.bmp 101 201 117 219 0
000427011.bmp 68 28 87 39 0
000770009.bmp 75 42 82 49 2 68 52 75 58 2 67 46 73 52 2 73 47 79 53 2 78 57 84 63 2 83 43 89 50 2 92 39 102 49 2
000766002.bmp 101 67 130 95 0
000956004.bmp 71 213 87 226 0
000791006.bmp 42 59 48 65 2 117 73 126 81 2 115 86 123 95 2
000533009.bmp 72 52 78 59 2 127 54 135 61 2 38 154 49 166 2 48 34 57 43 2 58 37 68 48 2 70 38 80 46 2
000434004.bmp 19 45 34 67 0
000626005.bmp 94 26 111 43 0
000788003.bmp 100 21 112 32 0
001048004.bmp 86 25 100 36 0
000609007.bmp 74 25 102 43 0
001098005.bmp 57 152 63 159 2
000846007.bmp 57 176 74 187 0
000741004.bmp 77 187 91 198 0
000677010.bmp 78 183 93 194 0
001113005.bmp 69 138 81 151 0
000519004.bmp 114 37 133 54 0
001102003.bmp 99 24 119 39 0
000681010.bmp 105 169 122 183 0
000056005.bmp 98 121 127 153 0
000946003.bmp 24 46 37 56 2 16 89 26 111 2
000846005.bmp 68 179 90 191 0
000438008.bmp 85 175 102 184 0
000801004.bmp 104 84 122 106 0
000852007.bmp 93 93 100 100 2
000291001.bmp 58 22 80 33 0
000625003.bmp 79 21 103 33 0
000636009.bmp 75 184 92 196 0
000595005.bmp 87 205 103 220 0 143 109 150 117 2
000207004.bmp 75 180 88 193 0
000291005.bmp 43 121 54 130 2 62 22 76 30 0
000656009.bmp 113 81 135 107 0 61 32 67 38 2 71 28 77 34 2 77 29 83 37 2
000661008.bmp 108 42 114 48 2 86 56 93 62 2 136 68 142 75 2 125 90 132 98 2 23 69 31 80 2 27 76 37 87 2 77 178 97 192 0
001118004.bmp 89 179 104 192 0
000938010.bmp 91 237 117 253 0
000211006.bmp 27 140 48 162 0
000100004.bmp 73 169 92 181 0
000331010.bmp 71 21 87 33 0
000335001.bmp 47 98 73 128 0
000331009.bmp 73 20 92 32 0
000666001.bmp 96 30 114 42 0
000716002.bmp 137 95 153 109 2 96 231 121 248 0
000311006.bmp 90 28 105 41 0
000662003.bmp 74 154 87 162 0
001001005.bmp 54 22 76 35 0
000039007.bmp 102 131 116 145 2 154 139 165 151 2 93 28 109 44 0 169 137 177 146 2
000833002.bmp 104 88 126 111 0
001087004.bmp 53 221 69 237 0
000731003.bmp 86 45 100 55 2
001065005.bmp 118 73 125 82 2 126 100 132 109 2 102 85 117 104 0
000359006.bmp 67 223 88 240 0
000648003.bmp 118 29 139 46 0
000777003.bmp 95 78 119 94 0
000450006.bmp 65 34 102 54 0
000432004.bmp 102 56 117 68 0 122 62 134 73 2
000465010.bmp 80 86 106 115 0
000883001.bmp 88 56 105 72 2
000971008.bmp 69 174 78 182 2
000020005.bmp 75 14 101 33 0 112 96 126 109 2
000351001.bmp 85 41 104 82 2
000834006.bmp 100 115 115 132 0
001063010.bmp 51 53 58 60 2 156 59 164 66 2
000558006.bmp 88 21 107 37 0
000534005.bmp 60 148 70 157 2
000097005.bmp 82 232 97 242 0
000328001.bmp 74 26 100 39 0
000190007.bmp 78 22 94 34 0 65 43 74 52 2
000976002.bmp 53 83 74 101 0
000556003.bmp 79 158 89 168 2 78 18 94 32 0
000979011.bmp 95 224 112 237 0
001043011.bmp 74 67 83 77 2 105 86 114 94 2
000408009.bmp 86 183 93 190 2 95 183 101 190 2
000423007.bmp 90 167 112 181 0
000637009.bmp 86 30 109 46 0
000898004.bmp 122 32 143 48 0
000802003.bmp 77 18 95 28 0 105 32 125 47 2
000890002.bmp 88 159 108 169 0
000079007.bmp 92 247 116 262 0 133 169 145 182 2
000070002.bmp 38 140 58 165 2
000985001.bmp 68 91 79 100 2
000079008.bmp 96 176 107 187 2
000925010.bmp 67 25 90 35 0
001102011.bmp 78 91 88 102 2
000653004.bmp 110 172 117 179 2 104 180 112 188 2
000888008.bmp 88 112 95 120 2
000323001.bmp 18 88 35 111 0
000722008.bmp 70 158 88 169 0
000373006.bmp 115 66 124 76 2 84 17 100 31 0
000065009.bmp 75 19 103 38 0
000570004.bmp 74 25 99 44 0
000822005.bmp 149 59 161 74 0
000373011.bmp 70 23 81 32 0
000087010.bmp 104 36 131 50 0 121 51 130 62 2
000758003.bmp 95 20 117 36 0
000764006.bmp 147 82 162 104 0
001002005.bmp 105 26 125 40 0
000400002.bmp 84 23 107 42 0
000821003.bmp 158 132 171 148 0
000078007.bmp 102 54 108 60 2 87 126 97 136 2
000681002.bmp 69 168 85 180 0
000586007.bmp 83 21 103 36 0 142 103 155 122 2
000258001.bmp 71 215 88 226 0
000814006.bmp 32 113 49 140 0
000012007.bmp 61 159 75 171 2 45 163 54 172 2 61 177 73 188 2
000626009.bmp 65 27 82 42 0
000941010.bmp 14 98 29 125 0 30 67 38 78 2 34 61 41 68 2
000547001.bmp 85 30 97 38 2 105 32 116 41 2 108 200 129 213 2
000094001.bmp 64 237 88 257 0
000279006.bmp 33 151 54 175 0
000482010.bmp 68 20 80 28 0 71 126 77 132 2
000170011.bmp 102 135 113 145 2 142 134 157 150 2 166 118 176 135 2 157 179 167 189 2
000180010.bmp 98 196 112 211 2 87 206 100 221 0
000873010.bmp 92 105 110 121 2 68 50 76 60 2
001055010.bmp 61 37 70 47 2
000845002.bmp 80 185 95 195 0
001118003.bmp 92 183 105 192 0
000073008.bmp 71 22 101 38 0
000502011.bmp 83 195 97 206 0
000482008.bmp 73 22 90 33 0
000156011.bmp 98 25 120 40 0
000383009.bmp 130 149 156 177 0
000854011.bmp 30 157 42 169 0
001043004.bmp 71 17 84 29 0
000734001.bmp 67 196 93 209 0 113 88 120 95 2
000060007.bmp 81 26 92 34 2
000561009.bmp 42 55 52 69 2 35 70 48 84 2 19 119 31 135 2 26 151 35 161 2 47 211 56 221 2 76 213 87 224 2
001047007.bmp 53 90 69 102 2 68 224 78 236 2
000102002.bmp 97 68 117 88 0 134 146 152 172 2 96 88 115 97 2
000692005.bmp 77 225 98 243 0 42 189 51 199 2
000216007.bmp 14 90 31 118 0
000060005.bmp 105 26 114 34 2
000330009.bmp 137 101 146 110 2 150 78 159 88 2
000992002.bmp 59 235 73 245 0
000690007.bmp 62 165 78 174 0
000814002.bmp 185 110 203 133 0
001079004.bmp 104 82 119 104 0
000096005.bmp 119 115 137 138 0
000779008.bmp 98 108 123 134 0
000354006.bmp 58 179 80 193 0
000415004.bmp 15 55 27 74 0
000848002.bmp 173 158 182 170 2 138 213 149 224 2 168 190 183 210 2
000514007.bmp 112 45 124 53 2 59 45 68 54 2 115 23 126 33 2 124 29 135 38 2 134 50 143 61 2 168 82 177 96 2 85 189 98 199 0
000540003.bmp 87 87 112 113 0
000136001.bmp 82 174 98 188 0
000603010.bmp 75 103 83 113 2 27 82 35 90 2
000657009.bmp 55 27 77 39 0
000390005.bmp 49 75 72 100 0
000656008.bmp 140 82 152 104 0 89 31 95 37 2 96 28 101 34 2 89 27 95 33 2
000056004.bmp 134 110 156 140 0
000393007.bmp 74 246 95 263 0
000097008.bmp 82 230 94 241 0
000096007.bmp 44 107 72 137 0
000820008.bmp 77 26 90 38 0
000352002.bmp 92 63 116 78 0 22 108 33 123 2 37 122 53 138 2 105 126 132 155 2 94 150 106 165 2 75 170 83 180 2 109 178 119 188 2 116 158 130 172 2 140 151 152 165 2
000551010.bmp 66 25 91 38 0
000077003.bmp 74 175 89 186 0
000408006.bmp 25 76 31 83 2
000587007.bmp 73 18 90 28 0
000270001.bmp 100 22 118 41 0 126 144 134 153 2 125 117 132 127 2 172 128 179 136 2
001040008.bmp 9 117 21 134 0
000575009.bmp 123 135 138 154 0
001123009.bmp 91 23 105 34 0
000502007.bmp 51 48 64 65 2
000112011.bmp 72 159 92 169 0
000060008.bmp 76 28 85 39 2
001072004.bmp 77 74 94 86 0 148 194 160 208 2
000993003.bmp 104 32 122 46 0 109 139 118 149 2 64 127 73 137 2 137 131 150 144 2 111 176 119 186 2
000971007.bmp 96 171 104 180 2
000058010.bmp 14 117 29 145 0
001040005.bmp 82 107 107 129 0
000895004.bmp 28 111 39 123 2
000671009.bmp 75 163 88 172 0
000187008.bmp 73 26 92 40 0
000641010.bmp 86 29 101 39 0
000108001.bmp 63 164 90 179 0
000699006.bmp 100 143 117 156 2 60 119 68 127 2 92 34 103 44 2
000273008.bmp 135 241 157 260 0
000775006.bmp 51 92 61 101 2 148 89 165 113 0
000805010.bmp 69 180 83 195 0
000316011.bmp 85 146 109 162 0
000327010.bmp 38 38 59 57 0
000235010.bmp 47 163 61 175 0
000505004.bmp 27 41 38 51 2 65 159 84 173 0
001015004.bmp 64 103 74 114 2 67 115 76 125 2
000218002.bmp 97 27 112 39 0
000203010.bmp 10 63 27 87 0
000299005.bmp 79 18 107 36 0
001003004.bmp 66 159 91 173 0
000829005.bmp 70 199 93 214 0
001002009.bmp 54 25 67 39 0 72 29 81 36 2 82 93 92 103 2
000830002.bmp 113 24 134 38 0 23 123 31 133 2
000653007.bmp 95 24 111 36 0
000330010.bmp 99 101 108 110 2 121 77 130 88 2
000785001.bmp 20 122 36 143 0
000720011.bmp 53 24 83 38 0
000563008.bmp 66 51 78 62 2
000512004.bmp 88 216 108 230 0
000533001.bmp 72 169 97 187 0
000012005.bmp 115 156 130 169 2 118 174 132 185 2
000069001.bmp 71 192 103 212 0
000594009.bmp 92 35 121 51 0 89 172 99 183 2
000440001.bmp 62 23 80 34 0 72 32 81 40 2
000972003.bmp 91 25 109 39 0
000770011.bmp 53 40 61 48 2
000701009.bmp 75 180 101 194 0
000103002.bmp 13 107 42 145 0
000955011.bmp 75 187 100 198 0
000921003.bmp 95 241 116 256 0
000093005.bmp 71 220 84 233 2 85 224 94 233 2
000843010.bmp 97 44 104 52 2 41 90 48 97 2 35 140 41 146 2 56 175 62 181 2 77 181 84 187 2
000964007.bmp 47 157 67 175 0
000616002.bmp 125 76 132 83 2
000264010.bmp 69 25 90 41 0
000364002.bmp 113 27 132 42 0
000337008.bmp 171 170 188 204 0 34 222 47 237 2
000177001.bmp 125 124 148 146 2
000346008.bmp 42 168 69 191 0
001083007.bmp 96 21 110 30 0
000273001.bmp 47 231 70 250 0
000904006.bmp 60 20 83 35 0
000732006.bmp 83 239 104 257 0 77 202 89 211 2 32 172 42 182 2
000367010.bmp 113 187 134 202 0
000936001.bmp 19 130 26 140 2 28 112 39 126 2 54 131 76 151 2 96 212 113 225 0
001052007.bmp 70 186 82 199 2 53 194 78 216 0
001108006.bmp 133 42 151 62 0
000929007.bmp 154 163 163 174 2 165 165 172 175 2 161 176 169 187 2 129 155 141 167 2 159 132 165 141 2 127 108 135 116 2 151 122 159 132 2
000914004.bmp 164 166 177 179 2
000852003.bmp 90 217 105 229 0
000168007.bmp 59 27 75 38 0
000993010.bmp 135 119 143 128 2 157 113 166 122 2 117 68 128 81 2 85 128 99 140 2 99 177 111 187 2
000003001.bmp 78 24 91 36 0
001041007.bmp 48 29 70 41 0 69 81 79 90 2
000207007.bmp 81 179 98 191 0
000154005.bmp 72 60 95 83 0
000620005.bmp 69 82 77 90 2 37 150 59 168 0
000943003.bmp 85 203 97 215 0
001039011.bmp 116 180 130 191 2
000175010.bmp 72 20 89 32 0
000358011.bmp 33 38 60 65 0
000293007.bmp 66 234 84 247 0
000681011.bmp 94 168 113 184 0
000486005.bmp 45 182 65 195 0
000221009.bmp 56 28 79 42 0
000585003.bmp 57 69 67 77 2
000798003.bmp 127 190 141 201 0
001024005.bmp 86 63 105 79 2 85 87 99 116 2
000553009.bmp 103 44 121 56 2 69 25 89 43 0
000470006.bmp 118 55 136 69 0
000355009.bmp 136 140 157 167 0
000314002.bmp 25 150 34 159 2 22 78 31 89 2
000702007.bmp 76 186 95 199 0
000748004.bmp 84 22 101 37 0 96 47 105 56 2 71 77 87 95 2 120 66 137 82 2 32 157 42 172 2
000194009.bmp 110 155 121 167 2
000952001.bmp 114 37 124 47 0
000587009.bmp 70 20 87 33 0
000461003.bmp 180 123 192 137 0
000614003.bmp 80 19 97 32 0
000171005.bmp 137 59 162 86 0
000103004.bmp 8 116 20 130 0
000544007.bmp 125 79 140 92 2 58 165 70 176 2 65 36 73 44 2 15 146 23 155 2
000952002.bmp 109 31 125 43 0
000602001.bmp 37 184 63 205 0
000662011.bmp 65 159 78 167 0
000849005.bmp 76 25 98 40 0
000597010.bmp 94 23 120 41 0
001106002.bmp 65 203 82 217 0
000767005.bmp 74 187 84 195 0
000364005.bmp 74 26 98 41 0
000610005.bmp 73 47 81 54 2 45 107 56 117 2
000259009.bmp 87 57 95 64 2
001010011.bmp 26 147 36 155 2
001113009.bmp 52 139 66 153 0
000097003.bmp 94 231 106 240 0
000456006.bmp 152 112 169 138 0
000137006.bmp 96 182 120 203 0
000511007.bmp 57 70 74 86 2
000980011.bmp 66 178 85 191 0
000283002.bmp 68 18 86 29 0
000246006.bmp 32 95 42 108 2
000662006.bmp 64 155 81 165 0
000587001.bmp 67 20 83 29 0
000526001.bmp 42 28 71 53 0
000063001.bmp 59 171 81 187 0
000404003.bmp 70 135 98 166 0
000092005.bmp 52 17 73 35 0
000830006.bmp 67 195 73 202 2 59 23 85 37 0
000408001.bmp 47 77 55 84 2
000960007.bmp 69 24 90 36 0
000758005.bmp 64 26 85 42 0
000654008.bmp 131 93 139 101 2
000211007.bmp 27 147 39 159 0
000898009.bmp 75 22 95 42 0
000458001.bmp 8 94 21 111 0
000877001.bmp 142 58 165 76 0
000920006.bmp 96 26 117 39 0
000140007.bmp 66 19 80 32 0
000011004.bmp 156 56 170 72 0
000964006.bmp 69 152 91 172 0
000858010.bmp 88 180 110 191 0
000358008.bmp 142 52 163 80 0
001079010.bmp 15 74 22 82 2
000167006.bmp 49 42 70 58 0
000359004.bmp 86 232 109 249 0
000268001.bmp 81 22 102 35 0
000665002.bmp 128 61 145 78 0
000890003.bmp 70 154 91 169 0
000692007.bmp 66 223 82 238 0 127 119 135 127 2
000678010.bmp 74 176 88 188 0
000173003.bmp 73 182 93 198 0
000878008.bmp 17 138 29 155 0
000548001.bmp 74 57 88 66 2
000617009.bmp 98 45 116 61 0 71 106 78 114 2
000237007.bmp 60 76 89 97 0
000512005.bmp 68 222 89 235 0
000477004.bmp 79 18 91 30 0
001024006.bmp 51 88 63 116 2 56 63 72 77 2
000699004.bmp 119 42 131 52 2 134 127 144 137 2 164 153 181 170 2
000812009.bmp 67 112 81 128 2
001025005.bmp 71 17 85 28 0
000618010.bmp 68 173 75 180 2
000551011.bmp 65 26 81 39 0
000648005.bmp 62 28 83 46 0
000730008.bmp 48 33 70 47 0
000547011.bmp 45 164 52 171 2 100 194 106 201 2 80 39 97 49 2 66 199 85 211 0
000548005.bmp 90 52 97 59 2
000762006.bmp 147 118 156 130 2
001112004.bmp 96 29 111 40 0
000866003.bmp 35 113 51 129 2
000937006.bmp 101 20 113 32 0
000464005.bmp 132 92 151 117 0
001013002.bmp 39 29 58 44 0 35 79 43 85 2
000765002.bmp 119 233 146 254 0
000112001.bmp 70 155 93 167 0
000178006.bmp 78 214 101 234 0
000024008.bmp 43 175 81 215 2
000732004.bmp 100 248 114 262 0 98 180 109 189 2 141 210 151 219 2
000108011.bmp 72 166 98 181 0
000088003.bmp 66 191 92 206 0
000505001.bmp 112 48 124 55 2
000909001.bmp 107 22 120 31 0 122 124 130 131 2
001007009.bmp 78 19 98 31 0
000119007.bmp 80 244 111 262 0
000479005.bmp 72 161 93 177 0
000988006.bmp 138 26 153 41 0
001107001.bmp 165 121 174 132 2
000944005.bmp 85 48 92 55 2 65 50 74 58 2 75 64 84 75 2 81 73 89 80 2 40 40 48 50 2 31 44 41 56 2 39 52 46 59 2 129 98 135 104 2 137 91 143 97 2 112 70 117 76 2 121 75 127 83 2 120 64 125 70 2 130 59 137 66 2 137 63 143 72 2 105 92 112 98 2 108 140 115 147 2 55 125 61 132 2 52 58 59 66 2 97 25 102 31 2
000848005.bmp 17 193 26 204 2 24 198 37 213 2 10 161 19 173 2
000871009.bmp 101 21 113 32 0
000563006.bmp 24 60 40 82 0 118 41 129 53 2
001079003.bmp 124 94 132 104 0
000247003.bmp 67 23 82 33 0
000138005.bmp 81 129 103 154 0
000136003.bmp 82 175 100 186 0
001123002.bmp 92 22 114 36 0
000651008.bmp 146 164 153 172 2
000168010.bmp 84 41 93 49 2
000275008.bmp 108 182 128 197 0
000785009.bmp 38 125 62 148 0 72 123 79 129 2 68 112 74 118 2 54 89 61 95 2 64 106 70 112 2
000873001.bmp 121 91 136 106 2 85 42 94 50 2
000003010.bmp 50 74 61 85 2 53 114 65 124 2 67 92 85 112 2 79 208 87 217 2 131 179 140 188 2 112 173 122 183 2 96 181 104 191 2 80 180 89 189 2 91 187 98 196 2 125 186 132 195 2 72 199 79 208 2 74 204 83 213 2
000471008.bmp 64 23 76 36 0
000215005.bmp 88 26 106 43 0
000468011.bmp 69 28 90 43 0
000514005.bmp 63 104 71 112 2 124 51 131 59 2 109 53 115 61 2 157 100 167 115 2
000482001.bmp 52 131 59 139 2
000552001.bmp 94 199 110 216 0
000514011.bmp 81 188 93 202 0 54 56 64 64 2
000221010.bmp 53 29 70 43 0
000955010.bmp 80 185 101 199 0
000123004.bmp 72 18 92 30 0 123 184 136 195 2
000464006.bmp 94 83 117 107 0
000546001.bmp 17 122 32 142 0
000686010.bmp 97 31 120 47 0
000552002.bmp 89 197 109 216 0
000824008.bmp 93 235 114 249 0
000252008.bmp 89 36 101 46 0
000848008.bmp 75 79 83 88 2 110 74 132 89 0
000905004.bmp 63 113 90 135 0 77 216 96 239 2
000797002.bmp 118 41 144 60 0
000961006.bmp 71 25 90 38 0
000999003.bmp 82 21 98 34 0
000762001.bmp 66 170 85 185 0 84 149 104 166 2
000580007.bmp 19 74 37 100 0
000159003.bmp 78 168 107 188 0
001129003.bmp 21 63 38 86 0
000823003.bmp 77 15 98 30 0
000672004.bmp 50 91 69 105 0
000025007.bmp 87 212 103 222 0
001029003.bmp 41 138 65 164 0
000911003.bmp 69 178 84 187 0
000201001.bmp 168 199 191 228 0
001024003.bmp 145 61 157 73 2 150 83 164 104 2
000090002.bmp 100 131 127 158 0 104 81 114 92 2 147 95 166 114 2 138 96 149 106 2
000765007.bmp 38 219 59 236 0 104 68 116 78 2
000137008.bmp 86 189 105 206 0 122 170 130 180 2 139 158 146 166 2
000211005.bmp 44 130 67 151 0
000210005.bmp 87 21 104 36 0
001043005.bmp 70 20 82 34 0
000413002.bmp 129 101 141 113 2 160 164 172 174 2
001035006.bmp 76 207 92 219 0
000649001.bmp 61 22 85 34 0 75 64 85 72 2
000234010.bmp 85 25 103 38 0
000707009.bmp 74 22 94 35 0
000521001.bmp 109 70 138 89 0
000853007.bmp 46 120 52 127 2 100 23 116 34 0
000878005.bmp 73 151 98 176 0
000666011.bmp 91 33 108 43 0
000073011.bmp 51 48 62 58 2 53 29 71 39 0
000061008.bmp 71 28 80 37 2
000913002.bmp 59 21 73 34 0
001053006.bmp 127 245 141 259 0
000625005.bmp 59 26 82 39 0
000291006.bmp 19 118 28 127 2
000104007.bmp 32 120 51 145 0
001106001.bmp 71 192 90 213 0
000601007.bmp 35 74 58 100 0
000615007.bmp 65 64 87 79 0
000018005.bmp 115 93 130 106 2 112 179 126 191 2 167 161 178 173 2
000932004.bmp 62 22 73 30 0 67 50 73 56 2 15 82 22 91 2
000240005.bmp 48 160 69 175 0
000307002.bmp 66 22 87 36 0
000877008.bmp 87 28 119 48 0
000693004.bmp 114 50 121 57 2 99 85 106 92 2
000222010.bmp 71 197 89 214 0
000205008.bmp 163 177 174 200 2
000788001.bmp 106 30 117 40 0
000524008.bmp 72 24 98 40 0
001066005.bmp 112 45 133 66 0
000974009.bmp 56 160 73 170 0
000374008.bmp 71 22 98 37 0
001080009.bmp 48 167 67 181 0
000226010.bmp 45 99 54 108 2
000869002.bmp 49 63 62 74 2
000708009.bmp 41 119 50 130 2
000533010.bmp 40 55 46 61 2 130 164 142 177 0
000178010.bmp 65 214 84 231 0
000123002.bmp 83 20 101 33 0
000158002.bmp 78 17 99 37 0
000327007.bmp 112 32 136 53 0
001069005.bmp 79 118 94 132 2 56 182 64 192 2 49 169 57 177 2
001056003.bmp 42 149 67 166 0
000759011.bmp 76 30 92 38 0
000045008.bmp 82 113 107 138 0
000319006.bmp 70 165 88 180 0 94 120 105 132 2
000489005.bmp 70 86 90 100 0
000487011.bmp 103 159 128 175 0
000049008.bmp 18 172 28 187 2 145 148 154 157 2 79 43 101 60 0
000864001.bmp 46 122 67 146 0
000226007.bmp 150 103 161 112 2
000054009.bmp 108 116 123 132 2 74 26 95 43 0
000343002.bmp 39 94 47 104 2 63 103 73 115 2 93 95 104 105 2
000716008.bmp 15 138 23 147 2
001028009.bmp 58 31 73 44 0
000360004.bmp 25 179 33 187 2 94 198 126 224 0
001013009.bmp 122 118 129 124 2
000605002.bmp 76 21 94 34 0
000125005.bmp 58 52 79 74 0
000596009.bmp 18 54 44 76 0
000844011.bmp 133 133 142 144 2 134 107 143 115 2
000010003.bmp 69 158 95 175 2
000661007.bmp 22 87 31 96 2 17 64 23 74 2 58 68 70 79 2 66 73 79 84 2 124 54 131 60 2 86 178 105 191 0
000890001.bmp 102 155 119 164 0
000909007.bmp 65 23 81 35 0 83 115 92 124 2
000458011.bmp 21 88 36 107 0 82 34 91 41 2
000955009.bmp 85 185 101 197 0
000154004.bmp 80 63 102 86 0 50 73 77 96 2
001081010.bmp 95 65 103 74 2 102 70 111 79 2 118 160 132 169 2 87 205 98 214 2 18 164 31 178 2 29 185 36 193 2 184 139 193 155 2
000864006.bmp 41 147 49 156 2 91 198 97 207 2 141 124 163 150 0
000626007.bmp 80 27 98 41 0
000238002.bmp 61 67 68 75 2 57 91 67 103 2 69 72 77 80 2
001050001.bmp 97 169 114 183 0
000711007.bmp 86 170 108 183 0
000051010.bmp 63 155 90 176 0
000522008.bmp 49 33 72 50 0
000030003.bmp 50 112 59 121 2
000946006.bmp 119 102 129 113 2
000776008.bmp 64 21 76 30 0
001042009.bmp 84 209 105 228 0
000579003.bmp 86 22 111 40 0
000659001.bmp 140 131 149 139 2
000055011.bmp 53 23 78 42 0 63 41 73 51 2
000489006.bmp 54 88 70 100 0
000924001.bmp 27 75 49 103 0
000016007.bmp 21 85 28 95 2
000490011.bmp 63 176 83 191 0
000886004.bmp 73 28 87 36 0
000437004.bmp 88 166 99 175 0
000069009.bmp 66 48 80 60 2
000754004.bmp 89 19 102 30 0
000172010.bmp 96 22 112 36 0
001026010.bmp 84 192 103 204 0
001052006.bmp 115 190 135 210 0 130 181 143 193 2
000662010.bmp 62 159 75 167 0
000313002.bmp 118 239 134 253 0
000794001.bmp 83 185 113 200 0
000937008.bmp 90 22 103 36 0
000195011.bmp 61 197 87 217 0
000158005.bmp 57 108 64 116 2 71 22 83 33 0
000723004.bmp 67 176 95 191 0
000247009.bmp 68 23 79 31 0
000964001.bmp 27 46 42 63 0
000013002.bmp 50 21 76 36 0
000633009.bmp 131 53 148 91 2
000643007.bmp 51 70 64 82 2 60 86 67 97 2 107 158 115 167 2 74 24 88 34 0
000093010.bmp 83 233 98 246 0
000192008.bmp 98 19 123 43 0
000790009.bmp 78 211 103 226 0
000201004.bmp 43 202 66 228 0
000354005.bmp 72 189 93 202 0
001082007.bmp 40 77 50 87 2
000360007.bmp 44 194 73 217 0
000713002.bmp 118 233 136 246 0
000396004.bmp 37 34 59 50 0
000591008.bmp 56 152 62 159 2 68 162 85 171 0 112 81 118 88 2
000598003.bmp 73 159 87 171 0
000534004.bmp 94 151 103 158 2
000485005.bmp 78 178 90 190 0
000461009.bmp 9 109 22 125 0
001109009.bmp 82 178 102 193 0
000195007.bmp 113 199 143 217 0
000791005.bmp 86 56 93 65 2
001015001.bmp 161 110 169 117 2
000400006.bmp 30 105 38 113 2
000864007.bmp 113 134 135 155 0
000223003.bmp 51 58 73 83 0
000687008.bmp 62 147 79 158 0
000885006.bmp 100 92 109 100 2
000994011.bmp 34 143 51 162 0
001117005.bmp 73 204 85 217 0 124 65 135 75 2
000911005.bmp 68 175 80 185 0
000866002.bmp 80 93 98 110 2 44 47 55 56 2
000174010.bmp 32 185 42 197 2
000319005.bmp 83 164 107 181 0 126 119 137 129 2
000196005.bmp 73 118 83 127 2 47 43 59 57 2 44 97 52 107 2 43 184 56 196 2
000870005.bmp 30 73 38 84 2 25 87 33 94 2 59 170 69 178 2
001045003.bmp 65 21 83 31 0
001065010.bmp 89 119 95 126 2 118 109 124 115 2 124 112 132 120 2 135 112 141 118 2 135 120 142 126 2 138 106 143 112 2
000976009.bmp 88 89 108 106 0
000190010.bmp 99 164 108 175 2
000711010.bmp 70 171 91 185 0
000575001.bmp 99 129 118 149 0
000093011.bmp 73 231 94 245 0
000336006.bmp 67 128 79 141 2
001032004.bmp 162 154 171 163 2
000672008.bmp 117 99 136 114 0
000430006.bmp 75 173 96 184 0
000195009.bmp 90 203 116 219 0
000232009.bmp 72 23 99 37 0
001049004.bmp 78 206 92 219 0
000844003.bmp 176 116 184 125 2 170 133 180 142 2
000545009.bmp 64 129 73 137 2 60 167 70 177 0
000552005.bmp 77 202 92 215 0
000605010.bmp 68 20 81 33 0
000773004.bmp 98 239 111 248 0
000685006.bmp 79 176 97 186 0
000547010.bmp 77 197 101 210 0 80 163 87 171 2 100 36 116 48 2 126 192 134 201 2
000915004.bmp 78 192 95 206 0
000727003.bmp 65 56 72 63 2
001028010.bmp 57 32 67 41 0
000111006.bmp 82 211 95 220 0
000934007.bmp 66 22 81 32 0
000429009.bmp 121 32 139 49 0
000514010.bmp 94 35 100 42 2 94 52 103 62 2 77 187 91 199 0
000010011.bmp 77 21 99 35 0
000076007.bmp 174 97 189 121 0
000664010.bmp 74 162 91 169 0
000840006.bmp 21 170 41 206 2 45 174 54 184 2 47 143 55 156 2 67 163 78 172 2 59 174 72 195 2 107 124 119 143 2 99 96 111 106 2 136 135 146 147 2 144 136 153 146 2 143 119 152 130 2 157 147 166 157 2
000191003.bmp 12 97 31 124 0
000270011.bmp 98 49 111 59 2 102 81 114 90 2 10 123 18 136 2 24 158 31 173 2 16 167 23 180 2 22 178 31 196 2 75 126 88 144 2 109 133 121 145 2 161 130 169 139 2 143 156 152 167 2 90 154 102 166 2 142 185 150 193 2 158 199 166 208 2 98 176 111 186 2 97 186 111 199 2 60 226 70 234 2
000120010.bmp 68 18 91 33 0
000092004.bmp 52 20 72 39 0
001118010.bmp 74 180 85 190 0
000692011.bmp 125 172 132 181 2
001082003.bmp 150 73 159 83 2
000922005.bmp 108 49 118 59 2 163 147 171 157 2
000360008.bmp 42 192 65 212 0
000536001.bmp 80 155 113 178 0
000219007.bmp 161 174 181 195 0
000250001.bmp 119 32 136 49 0
000931006.bmp 65 163 84 173 0
000014002.bmp 46 175 73 199 0
000039008.bmp 78 28 95 41 0 62 128 74 142 2 120 136 134 149 2 146 134 154 143 2 158 124 164 132 2
000189003.bmp 86 251 113 269 0
000380010.bmp 66 22 91 39 0
001132001.bmp 79 29 106 43 0
000153006.bmp 154 145 165 155 2
000625004.bmp 63 25 87 38 0
000089001.bmp 117 140 126 149 2
000003011.bmp 37 95 52 116 2 26 116 33 125 2 91 178 100 187 2 106 20 128 37 0 27 78 38 90 2 49 189 56 197 2 56 189 63 197 2
000000003.bmp 109 38 118 47 2
001016010.bmp 22 157 30 169 2
000512002.bmp 106 212 128 229 0
000987004.bmp 57 21 68 29 0
000964002.bmp 19 47 35 60 0
001001006.bmp 55 22 71 34 0
000831008.bmp 72 25 86 35 0
000683011.bmp 90 58 102 69 2 125 87 138 99 2 138 92 150 108 2
000422004.bmp 15 177 22 187 2 22 194 33 205 2 64 178 106 213 2 117 225 128 237 2
000710003.bmp 81 181 95 191 0
000511008.bmp 25 69 36 86 2 74 24 97 36 0
000244010.bmp 88 34 108 46 0
000813004.bmp 51 96 58 105 2 71 21 92 34 0
000562011.bmp 133 168 144 178 2 133 196 142 204 2 128 206 136 214 2 110 224 118 233 2 66 30 80 40 2 87 32 95 40 2
000550006.bmp 27 97 32 104 2 103 33 112 45 0
000731005.bmp 28 47 38 58 2
001053011.bmp 77 250 95 264 0
000733003.bmp 123 79 133 92 2
000974010.bmp 62 165 72 173 0
000062004.bmp 72 163 84 176 2
000452004.bmp 71 78 92 99 0
000272009.bmp 67 33 97 55 0
000929011.bmp 19 117 27 126 2 16 124 23 133 2 25 165 32 175 2 31 165 41 175 2 35 177 44 189 2
000125006.bmp 25 53 41 73 0
000345002.bmp 35 159 45 168 2 78 75 102 92 0
000911004.bmp 64 175 77 183 0
000993009.bmp 146 73 153 82 2 121 129 131 142 2 130 180 140 191 2 163 124 171 132 2
001061011.bmp 66 31 83 44 0
000413003.bmp 82 94 98 108 2 122 88 140 106 0 160 195 167 204 2
000757010.bmp 87 204 104 218 0
000871004.bmp 59 25 71 35 0 128 99 136 107 2
000638008.bmp 61 168 72 177 0
000187010.bmp 72 18 90 31 0
001124009.bmp 105 39 119 52 0
000247006.bmp 71 21 84 31 0
000814008.bmp 6 125 23 145 0
000297009.bmp 82 229 111 247 0
000149006.bmp 102 227 121 244 0
000750007.bmp 77 182 91 193 0
001076005.bmp 83 179 101 194 0
000368008.bmp 45 31 64 44 0
001049002.bmp 107 205 120 221 0
000270010.bmp 123 51 137 62 2 136 85 145 93 2 144 118 154 129 2 147 136 158 148 2 116 129 129 147 2 129 158 142 171 2 172 159 178 169 2 134 178 146 189 2 133 191 145 203 2 57 215 68 225 2 50 162 60 180 2 35 173 43 187 2 41 184 53 201 2 20 166 27 178 2 14 157 20 165 2 29 127 41 139 2
000300010.bmp 20 130 41 156 0
001018002.bmp 35 78 59 110 0
000180011.bmp 71 192 87 205 2 76 204 93 219 0
000793007.bmp 52 24 69 34 0
000137009.bmp 77 187 100 206 0 98 169 104 177 2 114 157 123 164 2 122 147 130 157 2 158 131 165 141 2
000435003.bmp 86 231 101 247 0
000563002.bmp 92 54 101 61 0 146 52 164 74 0
000179006.bmp 138 135 153 154 0
001025009.bmp 113 20 125 32 0
000417008.bmp 80 22 102 35 0
000436010.bmp 33 97 58 127 0
001104010.bmp 67 43 93 64 0
000653010.bmp 80 31 100 40 0
000803005.bmp 77 235 95 249 0 81 52 94 62 2
000953007.bmp 78 16 92 26 0
000853004.bmp 168 122 174 130 2
000192010.bmp 129 214 141 229 2 121 206 128 215 2 116 213 125 223 2
000224004.bmp 32 30 56 52 2
000996008.bmp 74 158 93 170 0
000513006.bmp 87 222 106 236 0
000493007.bmp 69 63 88 82 2 67 18 91 36 0
000604004.bmp 159 112 171 133 2 92 99 98 108 2 29 162 36 171 2 86 45 96 53 2 166 155 174 164 2
001000001.bmp 78 184 90 192 0
000229002.bmp 69 77 96 96 0 137 173 148 187 2
000671002.bmp 61 156 77 169 0
000523007.bmp 91 28 109 42 0 124 96 129 102 2 124 89 129 95 2
000077008.bmp 80 177 93 188 0
000450008.bmp 32 38 54 57 0
000487001.bmp 100 156 126 173 0
001081009.bmp 96 37 105 45 2 115 51 122 60 2 122 55 130 63 2 114 68 122 76 2 156 138 165 148 2 121 188 132 200 2 91 219 103 228 2 43 154 59 167 2 53 175 63 185 2 65 204 75 212 2
000604001.bmp 19 82 35 97 2 37 107 43 115 2 34 114 41 123 2 35 144 42 151 2 48 144 55 151 2 16 131 22 140 2
000650002.bmp 144 50 154 61 2
000482011.bmp 106 139 112 145 2
000776007.bmp 67 20 80 30 0
000597009.bmp 118 28 139 45 0
000420006.bmp 96 200 113 211 0 64 167 90 191 2
000346001.bmp 70 86 77 96 2
001053008.bmp 104 244 124 260 0
000939009.bmp 19 109 26 118 2 79 24 91 32 0
000243003.bmp 70 165 87 177 0
000848001.bmp 92 57 112 68 0
000692006.bmp 75 226 91 242 0 28 192 36 202 2
001104011.bmp 38 49 63 68 0
000300008.bmp 63 138 90 160 0
000009006.bmp 39 64 60 89 0
000134003.bmp 96 236 117 255 0 79 176 91 188 2
001117006.bmp 91 53 104 65 2
000275011.bmp 68 186 94 201 0
000777004.bmp 81 77 105 93 0 130 190 144 213 2 145 210 156 223 2 153 188 167 201 2 151 177 164 190 2 165 142 174 157 2
000010001.bmp 115 149 140 172 2
000290010.bmp 71 43 81 53 2 84 122 95 133 2
000756004.bmp 79 24 104 44 0
000296008.bmp 68 19 89 30 0
000315010.bmp 90 26 114 43 0
001013006.bmp 53 88 62 99 2
000537002.bmp 163 95 179 126 0
000148009.bmp 71 176 100 194 0
001075010.bmp 66 157 84 169 0
000052008.bmp 34 131 47 146 2 77 230 91 244 2
000901005.bmp 116 27 135 43 0
000656002.bmp 25 77 45 101 0 75 25 89 33 2
000410005.bmp 94 235 116 252 0
000899003.bmp 62 165 90 184 0
000323011.bmp 42 88 62 108 0
000870006.bmp 38 178 46 187 2
000622002.bmp 73 153 93 163 0
000262008.bmp 65 67 89 82 2 24 121 35 132 2 61 120 69 129 2 85 129 98 142 2 109 151 118 160 2 11 163 20 180 2 46 161 58 176 2 74 142 82 152 2 58 138 73 161 2 47 230 55 241 2 155 216 166 230 2
000772004.bmp 104 29 121 42 0
000672002.bmp 105 79 126 97 0
000551009.bmp 70 24 92 42 0
000315009.bmp 98 20 121 41 0
001001002.bmp 82 22 101 35 0
000287008.bmp 65 168 80 180 0
001042001.bmp 100 208 122 225 0
000036004.bmp 62 19 82 32 0
000332010.bmp 103 27 117 40 0
000361006.bmp 63 205 92 226 0
000289009.bmp 84 265 105 285 0
000545006.bmp 68 165 82 179 0 32 132 42 141 2
000341002.bmp 70 142 97 171 0
000038004.bmp 26 135 40 151 2
000087007.bmp 66 235 74 243 2
000017008.bmp 75 20 94 34 0
000804007.bmp 67 104 75 111 2 84 106 92 114 2 94 114 111 129 2 86 115 93 122 2 62 134 78 149 2 68 158 78 168 2 65 167 73 175 2
000734004.bmp 25 75 32 82 2 87 188 97 196 2
000367001.bmp 65 188 92 205 0
001083008.bmp 100 19 118 30 0
001026005.bmp 17 66 35 92 2
000893010.bmp 31 96 46 108 2 47 179 58 191 2 109 145 126 161 2 132 195 145 204 2 128 212 138 221 2
001117009.bmp 79 173 89 181 2
000123003.bmp 79 19 98 35 0
000713003.bmp 94 236 117 251 0
001096002.bmp 56 122 68 130 2
001121010.bmp 128 178 134 185 2
000774001.bmp 8 101 21 120 0
000151009.bmp 164 125 171 136 2
000399001.bmp 118 26 130 39 0
000420009.bmp 72 201 89 214 0
000250005.bmp 65 28 87 47 0
000530009.bmp 89 29 111 43 0 176 169 190 186 2
000512003.bmp 94 214 118 230 0
000476007.bmp 26 77 47 104 0
000132003.bmp 44 85 51 93 2
000843006.bmp 43 92 49 98 2 57 117 64 125 2 87 92 94 101 2 62 84 69 91 2 82 20 102 31 0
001112011.bmp 43 129 54 140 2
000563010.bmp 93 144 104 152 2
000732009.bmp 177 100 185 109 2 77 242 88 253 0
000744004.bmp 64 19 79 28 0
000683004.bmp 80 204 97 217 0
000455009.bmp 47 36 65 48 0
000156001.bmp 86 24 110 41 0
000110005.bmp 78 75 103 90 0 22 113 34 128 2 22 143 32 156 2 106 101 117 110 2 124 110 144 127 2 136 154 145 164 2 156 158 164 169 2 152 177 166 197 2 133 126 150 148 2
000822009.bmp 35 60 57 79 0
000016002.bmp 70 75 89 92 0 117 70 123 75 2
001060003.bmp 37 145 45 153 2 75 18 91 27 0
001060006.bmp 65 19 88 32 0
000579009.bmp 156 111 163 118 2
000164005.bmp 26 203 60 233 0 103 126 119 141 2
000126008.bmp 65 16 79 29 0
001121007.bmp 36 96 44 103 2 20 114 26 121 2 44 140 50 147 2 35 76 41 83 2
000038006.bmp 90 208 102 218 0
000717009.bmp 84 76 92 85 2
000163006.bmp 91 184 109 201 0
001107007.bmp 88 28 105 43 0 39 157 52 172 2
000073006.bmp 95 24 117 39 0 52 39 66 54 2
000837009.bmp 105 25 121 37 0
000581007.bmp 67 23 81 32 0 40 73 51 85 2 63 61 75 70 2 86 88 100 103 2 95 110 103 118 2 102 94 109 101 2
000712002.bmp 106 138 116 145 2
000492007.bmp 86 64 108 79 0
000806001.bmp 74 196 91 211 0
001117003.bmp 78 194 95 211 0
001097004.bmp 76 26 91 37 0
000565007.bmp 80 20 99 34 0
000068003.bmp 133 126 149 151 0
000373009.bmp 67 21 87 33 0 17 67 24 77 2
000134002.bmp 141 176 153 189 2
000946002.bmp 46 95 64 117 2 43 44 52 51 2 58 51 76 62 2
001102005.bmp 84 21 103 38 0
000154003.bmp 86 84 104 102 2 103 74 130 96 0
000887007.bmp 97 189 118 205 0
000268002.bmp 60 20 81 36 0
000034005.bmp 125 89 136 100 2 131 70 147 87 2 116 120 128 129 2 112 130 126 144 2 169 111 178 122 2 202 123 215 138 2
000866006.bmp 59 166 81 178 0
001023009.bmp 45 149 56 162 2 53 156 63 164 2 66 144 74 151 2 84 137 97 148 2 70 95 84 112 2
000270007.bmp 77 25 90 35 0 87 113 93 121 2 125 125 131 134 2 131 126 144 140 2 85 129 99 144 2 91 158 103 168 2 101 165 114 179 2 151 162 159 177 2 128 172 139 187 2 127 183 145 201 2 104 185 112 193 2 69 207 78 215 2 76 214 84 222 2 128 215 137 224 2 128 229 137 237 2
001042003.bmp 39 208 53 226 0
000869006.bmp 95 177 105 190 0 92 191 118 206 0 120 183 139 199 0 60 164 72 172 0 130 86 142 98 0 94 20 108 29 0 84 70 92 78 2
000088004.bmp 57 190 80 206 0
000558007.bmp 79 20 98 33 0
000293005.bmp 91 233 108 244 0
000828001.bmp 160 116 175 135 0
000169001.bmp 73 33 90 46 0
001058004.bmp 82 24 98 37 0
000048008.bmp 78 17 102 37 0
000844010.bmp 162 78 170 90 2 178 108 185 116 2 166 131 173 140 2
000884007.bmp 85 43 97 53 2
000049001.bmp 147 60 164 76 0
000537006.bmp 8 92 34 119 0
000895001.bmp 132 120 141 131 2
000220005.bmp 101 209 125 223 0
000893001.bmp 47 165 55 173 2 61 192 72 203 2 59 214 71 224 2
000534007.bmp 76 174 98 189 0
000770007.bmp 115 35 125 47 2 130 51 137 61 2
000194001.bmp 24 124 33 134 2 68 103 80 114 2
000819008.bmp 75 207 91 220 0
000675009.bmp 56 139 73 152 2 36 59 52 81 0 118 133 130 144 2 103 147 113 156 0
000228001.bmp 79 21 111 38 0
000646002.bmp 58 149 76 164 0 98 119 105 127 2 95 92 101 98 2
000220004.bmp 115 203 136 222 0
000952005.bmp 73 18 94 34 0
001103006.bmp 65 20 78 29 0
000524009.bmp 59 30 84 44 0
000399008.bmp 48 30 65 44 0
000870004.bmp 57 75 66 86 2 52 90 61 97 2 92 174 100 183 2 83 218 93 229 0
000848003.bmp 117 162 130 174 2 132 198 139 207 2 135 202 146 211 2 125 206 136 216 2 117 196 130 209 2 83 217 92 226 2
000732002.bmp 116 243 131 255 0
001015009.bmp 41 70 50 78 2 21 126 28 134 2
001031005.bmp 24 28 41 44 0
000271006.bmp 75 22 97 38 0
000223010.bmp 145 84 157 105 0
000446008.bmp 68 177 88 187 0
000350010.bmp 169 110 183 126 0
000313004.bmp 104 237 124 253 0
000797004.bmp 68 36 92 57 0
000518007.bmp 65 27 86 42 0
000589002.bmp 36 37 54 53 0
001002007.bmp 77 20 96 35 0
000276001.bmp 68 44 107 66 0
000939003.bmp 95 20 114 36 0
001024011.bmp 47 72 56 80 2
000803006.bmp 59 60 72 72 2
001091008.bmp 102 104 112 112 2
000903009.bmp 65 142 77 155 2 118 191 143 206 0
000642005.bmp 176 147 186 157 2
001081005.bmp 115 150 126 162 2 91 29 111 41 0 78 158 90 167 2 50 154 60 163 2 61 181 77 196 2 87 205 102 215 2 46 186 54 197 2 173 133 181 149 2 168 157 177 166 2 143 157 151 165 2 145 187 156 197 2 120 168 135 179 2 128 188 142 198 2
000594010.bmp 55 169 62 181 2 84 36 104 50 0
000777005.bmp 70 79 92 93 0 70 190 90 212 2 94 178 107 190 2 101 189 116 203 2 98 210 113 224 2 116 142 128 156 2 136 155 147 166 2 154 160 165 174 2 167 157 175 169 2 139 141 157 154 2
000411010.bmp 8 98 25 120 0
000455004.bmp 103 22 131 40 0
000888001.bmp 87 143 96 154 2
000762008.bmp 66 126 79 138 2 103 171 117 182 0
000243002.bmp 77 169 93 182 0
000559011.bmp 14 49 29 72 0
001023006.bmp 143 150 154 163 2 149 155 160 166 2 168 101 177 113 2 173 141 183 151 2 164 146 173 155 2
000279003.bmp 142 142 163 165 0
000493005.bmp 83 15 111 34 0 138 61 151 77 2
000728003.bmp 41 53 47 60 2
000229003.bmp 52 77 78 95 0 78 171 92 187 2
000198002.bmp 81 217 97 231 0
