001111011.bmp 157 66 170 88 2
000915004.bmp 78 192 95 206 0
000355005.bmp 28 159 38 174 2 29 177 36 190 2 41 183 49 197 2 22 193 34 208 2
000512004.bmp 88 216 108 230 0
000316003.bmp 53 153 73 167 0
001118004.bmp 89 179 104 192 0
000537004.bmp 75 99 105 128 0
001098009.bmp 53 18 72 29 0
000058005.bmp 157 111 179 139 0
000079010.bmp 31 168 40 180 2
000112006.bmp 70 153 85 163 0
000869003.bmp 158 165 169 176 2 97 18 108 29 0
000729001.bmp 38 143 53 158 2 27 201 39 220 2 11 179 26 197 2 93 224 119 241 0
000494002.bmp 155 121 163 136 2
000094005.bmp 72 69 101 84 1
000400006.bmp 30 105 38 113 2
000487009.bmp 63 45 74 55 2
000701010.bmp 63 181 85 193 0 122 90 130 98 2
000029009.bmp 68 25 88 41 0
000446009.bmp 69 176 86 186 0
000094008.bmp 123 255 144 273 0
000672002.bmp 105 79 126 97 0
000744002.bmp 63 20 82 29 0
001088001.bmp 62 25 85 41 0 64 40 72 47 2 159 109 170 122 2
000689009.bmp 54 242 76 254 1
000756005.bmp 72 21 92 38 0
000670010.bmp 89 51 101 62 2
000017010.bmp 97 111 105 119 2
000128009.bmp 113 48 120 57 2 145 70 155 79 2
001077007.bmp 73 229 92 243 0
001016004.bmp 104 238 121 249 0 143 180 166 197 2 136 165 148 177 2 144 125 157 143 2 131 96 142 106 2 153 90 171 113 2
001023010.bmp 131 58 140 67 2 157 144 164 154 2 50 143 59 153 2 39 104 51 117 2 23 155 34 168 2 36 150 42 157 2
000194009.bmp 110 155 121 167 2
000427010.bmp 72 26 91 36 0
000878002.bmp 23 63 35 74 2 165 156 182 172 0
000683009.bmp 147 59 157 68 2 173 92 184 110 2
000341008.bmp 89 219 114 242 2
001129003.bmp 21 63 38 86 0
000206011.bmp 85 20 101 33 1
001007009.bmp 78 19 98 31 0
001112004.bmp 96 29 111 40 0
001121003.bmp 73 73 79 80 2 112 139 118 146 2 145 118 151 125 2 148 95 154 103 2
000869005.bmp 154 87 167 99 2 113 69 123 78 2 91 20 104 30 0 95 164 108 173 0 129 176 139 188 0 126 190 145 204 0 149 182 161 194 0
000814008.bmp 6 125 23 145 0
001018003.bmp 11 70 32 102 0
000716003.bmp 104 97 121 111 2
000923008.bmp 101 20 114 31 0
000425008.bmp 87 56 115 72 0
000668009.bmp 79 24 101 37 0 32 150 42 158 2
000591004.bmp 63 161 81 172 0 116 110 127 121 2
000478002.bmp 39 102 61 127 0
001025011.bmp 118 20 138 38 0
000706006.bmp 21 119 41 145 0
000513005.bmp 93 220 110 236 0
000765001.bmp 154 213 175 236 0
000515004.bmp 111 170 130 185 2
000985007.bmp 112 162 126 177 2 142 151 153 162 2 146 129 155 138 2
000438011.bmp 78 175 95 187 0
000814001.bmp 201 113 211 133 0
000766001.bmp 138 60 158 84 0
000960006.bmp 77 19 96 30 0
001025009.bmp 113 20 125 32 0
001069010.bmp 90 153 108 169 1
000494007.bmp 156 64 168 84 0
000619002.bmp 111 178 120 185 2 145 134 153 144 2 81 21 118 35 1
000120002.bmp 53 21 80 38 0
000168007.bmp 59 27 75 38 0
000614006.bmp 66 22 82 34 0
000028009.bmp 91 251 125 266 1
001061002.bmp 111 52 120 61 2
000061003.bmp 67 181 90 199 0
000618009.bmp 86 130 92 137 2 95 169 101 176 2
001065008.bmp 9 82 21 99 0
001021010.bmp 75 28 82 34 2
000128003.bmp 86 93 99 105 2 63 183 87 200 0
000123008.bmp 49 192 62 202 2 118 127 134 142 2 124 52 139 71 2 63 43 70 50 2 148 141 156 150 2
000811003.bmp 66 201 84 217 0
000824005.bmp 78 76 96 91 1
001050006.bmp 62 167 80 179 0
000748005.bmp 39 75 52 94 2 85 65 101 81 2 65 45 75 54 2 77 24 93 35 0
001016001.bmp 78 90 86 99 2
000272011.bmp 32 30 55 48 0
001025006.bmp 84 23 95 32 0
000052004.bmp 85 98 111 121 0
000606004.bmp 87 91 99 102 2 100 22 113 32 1
000462005.bmp 97 181 116 192 0
000586008.bmp 112 102 126 118 2 78 21 97 33 0 155 94 167 107 2 154 80 162 90 2 158 73 164 80 2
000424005.bmp 67 19 90 31 0
000588008.bmp 113 171 131 183 1
000059004.bmp 50 67 59 76 2
000603011.bmp 44 102 53 111 2
000512010.bmp 106 32 141 51 1
000523003.bmp 124 91 133 101 2
000770008.bmp 111 37 120 46 2 101 41 106 47 2 94 42 100 48 2 102 49 108 55 2 111 56 117 62 2
001067006.bmp 107 240 128 253 0
000323011.bmp 42 88 62 108 0
000280006.bmp 95 26 113 40 0
001061003.bmp 80 52 88 61 2
000729006.bmp 86 71 108 86 1 69 104 91 117 2 144 117 161 138 2 124 130 146 145 2 143 145 158 158 2 146 136 157 146 2 111 150 129 167 2 102 129 120 150 2 76 121 105 140 2 162 191 178 211 2 150 214 168 232 2 175 170 187 190 2
001066004.bmp 139 48 161 69 0
001124006.bmp 72 182 78 193 2
000711003.bmp 61 167 79 178 0
000098003.bmp 58 166 70 182 2 73 173 83 184 2 116 132 130 148 2 98 153 116 174 2 63 237 77 248 0
000638008.bmp 61 168 72 177 0
000058003.bmp 203 114 218 141 0
000411002.bmp 68 111 80 123 2
001064005.bmp 81 206 98 220 0
001012008.bmp 63 175 79 188 0
000759010.bmp 78 27 92 34 0
000464006.bmp 94 83 117 107 0
000936007.bmp 160 66 166 73 2
000982011.bmp 76 25 99 43 0
000458003.bmp 129 83 141 94 2
001036001.bmp 70 174 92 189 0
000065004.bmp 62 194 88 215 1 15 119 24 131 2
000564008.bmp 77 22 98 34 0
000385005.bmp 90 23 122 43 0
000217003.bmp 108 211 120 222 2
000132004.bmp 15 84 24 91 2 104 179 118 191 0
000224002.bmp 71 34 103 55 2
000128002.bmp 76 181 100 196 0 125 88 137 100 2
000783003.bmp 146 65 158 78 2
000646008.bmp 71 153 82 161 0
001050001.bmp 97 169 114 183 0
000780002.bmp 59 72 71 83 2 56 88 72 100 2
000833004.bmp 24 91 40 114 0
000491009.bmp 63 32 74 40 2
000323002.bmp 149 90 161 107 1
000396005.bmp 23 41 48 60 0
000223003.bmp 51 58 73 83 0
001041006.bmp 54 27 78 39 0 107 71 118 81 2
000133002.bmp 99 22 119 37 0
000888011.bmp 69 148 77 158 2
000732006.bmp 83 239 104 257 0 77 202 89 211 2 32 172 42 182 2
000586006.bmp 161 101 170 121 2 87 20 107 36 0
000478006.bmp 67 92 76 101 2
000796008.bmp 91 40 102 54 2 106 59 126 75 2 122 52 135 64 2 102 55 111 63 2
000992009.bmp 70 23 92 35 1
000527004.bmp 97 41 122 57 0 26 107 37 123 2 12 165 19 177 2 19 166 29 177 2 18 177 28 191 2
000353002.bmp 63 144 85 155 0
000752003.bmp 74 180 91 193 0
001041004.bmp 73 17 94 32 0
000751005.bmp 72 167 94 177 0
000551010.bmp 66 25 91 38 0
000355008.bmp 8 166 27 187 1 58 202 66 213 2
001081005.bmp 115 150 126 162 2 91 29 111 41 0 78 158 90 167 2 50 154 60 163 2 61 181 77 196 2 87 205 102 215 2 46 186 54 197 2 173 133 181 149 2 168 157 177 166 2 143 157 151 165 2 145 187 156 197 2 120 168 135 179 2 128 188 142 198 2
000835003.bmp 41 204 72 230 1
000754006.bmp 88 21 104 33 0
000492008.bmp 79 67 99 80 0 106 248 120 260 2
000760006.bmp 64 21 80 33 0
000168010.bmp 84 41 93 49 2
000002001.bmp 120 95 137 113 2 114 127 131 145 2 61 168 73 180 2 33 149 42 159 2
000024008.bmp 43 175 81 215 2
000485005.bmp 78 178 90 190 0
000546006.bmp 36 70 45 83 2
000187009.bmp 70 21 89 36 0
000223001.bmp 139 67 155 89 0
000064009.bmp 78 20 94 31 0
000952002.bmp 109 31 125 43 0
000840006.bmp 21 170 41 206 2 45 174 54 184 2 47 143 55 156 2 67 163 78 172 2 59 174 72 195 2 107 124 119 143 2 99 96 111 106 2 136 135 146 147 2 144 136 153 146 2 143 119 152 130 2 157 147 166 157 2
000870011.bmp 96 215 108 231 0
000662007.bmp 62 155 79 165 0
000438009.bmp 89 168 106 179 0
000580002.bmp 31 78 37 85 2
000526010.bmp 80 31 110 50 0
000438001.bmp 86 175 108 186 0
000585001.bmp 132 78 140 85 2
000287007.bmp 60 164 78 177 0
000833001.bmp 140 100 156 117 0
000559002.bmp 14 61 27 83 0
000247008.bmp 65 20 78 28 0
000570006.bmp 58 26 81 44 0
000528004.bmp 128 72 136 81 2
000478007.bmp 26 90 35 100 2
001099004.bmp 15 119 34 145 0
000475011.bmp 76 23 97 39 0
000267003.bmp 80 18 101 33 0
000697003.bmp 66 20 81 29 0
000417005.bmp 66 141 85 152 1
000956002.bmp 101 208 121 221 0
000353011.bmp 58 139 76 151 0
000801005.bmp 55 80 75 101 0
000361002.bmp 122 208 152 229 0
000515006.bmp 72 168 84 181 2
000515010.bmp 110 37 130 56 0
000735004.bmp 77 16 97 31 0
001021007.bmp 60 149 77 162 0
000054003.bmp 162 105 175 116 2 158 69 172 82 2
000987002.bmp 50 23 70 36 0
000272009.bmp 67 33 97 55 0
000708007.bmp 108 126 118 138 2
001134010.bmp 70 28 84 39 0
000731004.bmp 50 44 63 54 2
000887004.bmp 150 174 163 188 0
000830006.bmp 67 195 73 202 2 59 23 85 37 0
000530009.bmp 89 29 111 43 0 176 169 190 186 2
000430007.bmp 62 169 84 182 0
000613006.bmp 76 19 100 33 1
000924001.bmp 27 75 49 103 0
000857003.bmp 85 22 107 35 0 93 46 101 55 2 110 68 117 75 2
000617002.bmp 136 140 146 149 2
000898009.bmp 75 22 95 42 0
000981005.bmp 104 177 127 190 0
000068007.bmp 17 129 35 150 0
000922007.bmp 57 51 66 59 2 108 149 119 160 2 159 149 169 164 2
000673008.bmp 43 154 64 170 0 102 42 111 49 2
000473007.bmp 75 192 84 200 2
000290011.bmp 47 115 59 128 2
000191002.bmp 37 107 61 133 0
000163011.bmp 110 143 116 151 2
000002004.bmp 21 93 34 112 2 70 199 100 213 1 92 21 114 36 0 16 126 30 145 2
000548008.bmp 65 21 85 36 0
000508005.bmp 87 26 98 32 2
000002003.bmp 79 199 107 215 1 46 94 62 113 2 42 128 55 144 2
000077008.bmp 80 177 93 188 0
000159008.bmp 82 177 107 191 0
000957001.bmp 154 65 165 75 2
000084011.bmp 89 24 110 40 0
000239010.bmp 92 184 110 195 0
000561007.bmp 93 209 106 220 2 128 212 139 221 2 90 150 98 159 2 77 115 91 130 2 34 66 43 74 2 72 24 91 43 0 81 51 96 62 2 84 65 100 80 2
000633001.bmp 58 47 77 92 2
000452009.bmp 18 77 27 89 2
000579002.bmp 20 113 26 120 2 108 34 132 54 0
000998002.bmp 72 108 99 136 0
000203008.bmp 78 69 102 96 0
000547003.bmp 56 30 65 41 2 81 201 102 214 2 70 34 79 41 2 161 56 167 64 2
000811002.bmp 89 205 106 221 0
000598010.bmp 24 82 29 88 2 69 161 89 173 0
000783007.bmp 25 66 37 78 2
000207005.bmp 76 184 89 194 0
000279004.bmp 102 149 128 175 0
000160003.bmp 35 75 55 98 0
000038001.bmp 34 93 61 129 2 105 54 119 68 2 127 133 141 148 2 91 101 99 108 2 98 85 106 93 2
000514007.bmp 112 45 124 53 2 59 45 68 54 2 115 23 126 33 2 124 29 135 38 2 134 50 143 61 2 168 82 177 96 2 85 189 98 199 0
000611007.bmp 89 183 112 203 0
000938010.bmp 91 237 117 253 0
000743002.bmp 76 22 93 32 0
000719001.bmp 141 111 149 122 2
000404001.bmp 183 143 204 173 0
000611008.bmp 77 180 94 196 0
000204011.bmp 110 87 119 95 2 48 195 57 204 2 144 191 153 201 2 72 195 84 206 0
000517007.bmp 161 138 171 152 2
000782007.bmp 77 196 90 205 0
000793002.bmp 90 142 99 148 2
000450010.bmp 110 158 120 166 2
000177008.bmp 28 135 52 162 0
000018009.bmp 93 20 115 37 0 41 154 55 168 2
000355002.bmp 115 116 139 140 0 130 164 138 173 2
000561005.bmp 89 21 110 41 0 90 62 99 73 2 94 159 105 170 2 143 206 156 218 2 148 112 162 130 2 162 148 169 156 2 146 67 160 80 2 133 50 150 64 2
000749003.bmp 90 160 110 181 0
000402007.bmp 77 180 100 194 0
000971005.bmp 83 29 93 36 2
000728002.bmp 17 120 27 132 2
000610009.bmp 81 20 101 33 1
000507005.bmp 106 71 120 84 2
000811006.bmp 36 208 51 221 0
000540002.bmp 143 108 169 134 0
000070006.bmp 34 177 59 202 0
001048010.bmp 132 171 139 179 2
000617005.bmp 47 141 61 154 2
000878011.bmp 107 61 120 78 2
001022001.bmp 61 23 78 36 0
000350007.bmp 69 103 85 118 2
000579009.bmp 156 111 163 118 2
000923003.bmp 92 119 100 128 2
000580011.bmp 36 85 44 93 2
000034007.bmp 170 80 181 90 2 143 125 151 133 2 158 185 167 194 2 192 83 201 93 2 154 129 165 140 2 39 126 52 143 2 56 90 68 102 2 54 98 64 110 2 70 77 81 88 2
001061010.bmp 74 30 91 42 0
000387003.bmp 97 165 107 176 0
000186001.bmp 105 20 120 35 0
000337001.bmp 87 162 117 190 0
000190005.bmp 81 19 97 34 0 121 44 128 50 2
000804008.bmp 59 120 76 136 2 50 112 59 119 2 52 119 60 127 2 32 137 46 153 2 40 163 48 171 2 90 219 106 231 0
000191006.bmp 61 75 74 87 2
000763002.bmp 55 168 79 188 0
000126008.bmp 65 16 79 29 0
000191007.bmp 23 68 38 81 2
000662001.bmp 61 155 76 164 0
000275005.bmp 73 29 93 41 2
000980011.bmp 66 178 85 191 0
000828007.bmp 170 92 182 104 1
000191010.bmp 105 94 125 120 0
000653004.bmp 110 172 117 179 2 104 180 112 188 2
000689001.bmp 85 225 102 240 1
000789011.bmp 84 191 99 204 0
000987005.bmp 88 152 97 160 2
000747009.bmp 72 168 85 177 0
000400003.bmp 69 20 99 37 0
000668001.bmp 45 110 58 124 2 98 74 110 83 2
001029011.bmp 63 74 85 96 1
000164005.bmp 26 203 60 233 0 103 126 119 141 2
000482006.bmp 80 20 94 32 0
000765003.bmp 95 243 123 263 0
000796011.bmp 39 51 51 62 2 28 58 42 72 2
000656011.bmp 22 91 42 114 0 68 37 75 43 2
001104010.bmp 67 43 93 64 0
001068008.bmp 134 152 143 161 2
000698004.bmp 134 123 151 146 0
000179007.bmp 118 138 134 159 0
000399005.bmp 75 24 99 39 0
000765007.bmp 38 219 59 236 0 104 68 116 78 2
000506002.bmp 29 123 38 134 2 91 25 105 33 2
000796007.bmp 132 57 150 69 2 141 47 153 60 2 108 38 123 51 2
000915003.bmp 88 198 103 208 0
000419004.bmp 73 231 95 245 0
000767005.bmp 74 187 84 195 0
000836010.bmp 22 106 28 114 2
001069006.bmp 57 121 70 133 2 47 182 55 190 2
000360011.bmp 99 16 123 34 1
000404008.bmp 71 168 112 212 1
000028002.bmp 94 14 119 32 0
000541007.bmp 71 23 86 37 0
000942002.bmp 27 81 38 95 2 62 107 71 118 2 69 174 82 185 2
000346007.bmp 54 174 80 188 0
000419005.bmp 69 232 86 245 0
000510003.bmp 65 17 90 30 0
001039006.bmp 68 192 77 201 2
000871003.bmp 61 20 70 29 0
000227001.bmp 8 69 17 82 0
000822003.bmp 57 142 70 154 2
000447010.bmp 61 181 75 192 0
000525004.bmp 75 27 99 42 0
000002005.bmp 81 23 109 41 0
000170010.bmp 141 141 153 156 2 171 145 183 156 2
000829003.bmp 76 115 83 123 2 95 193 114 209 0
001124005.bmp 87 183 98 192 2
001021001.bmp 84 26 91 31 2
000637009.bmp 86 30 109 46 0
001010009.bmp 91 155 100 166 2
000634001.bmp 65 35 90 52 0
000521002.bmp 75 49 108 69 0
000235010.bmp 47 163 61 175 0
000136005.bmp 82 174 97 185 0
000022001.bmp 60 27 72 36 2
000278007.bmp 69 32 96 48 0
000243001.bmp 84 167 104 185 0
000119001.bmp 138 55 168 75 1
000051005.bmp 52 39 63 49 2
001068007.bmp 165 147 173 158 2
001086002.bmp 168 98 178 108 2
000956010.bmp 91 29 103 38 2
000629002.bmp 152 80 162 94 2
000592009.bmp 11 108 29 133 0
000711011.bmp 62 172 86 185 0 52 75 60 82 2
000706005.bmp 50 123 73 146 0
000520011.bmp 113 79 121 87 2
000084001.bmp 83 25 108 41 0
000029007.bmp 68 22 97 38 0
000835002.bmp 53 201 86 229 1
000293005.bmp 91 233 108 244 0
000303008.bmp 72 19 94 31 0
000626007.bmp 80 27 98 41 0
000435007.bmp 106 22 125 37 1
000779011.bmp 7 105 22 129 0
000179011.bmp 23 155 39 168 0
000138002.bmp 61 170 77 189 2
001102002.bmp 110 21 133 35 0
000864008.bmp 64 132 85 153 0
000590004.bmp 51 156 79 185 1 95 124 110 139 2
000202007.bmp 87 31 111 49 0
000233003.bmp 73 204 92 219 0 84 195 96 207 2 56 213 66 223 2 10 157 19 171 2
000977001.bmp 79 22 99 32 0
000774003.bmp 164 132 178 151 2
000929010.bmp 37 122 46 131 2 25 138 33 148 2 26 156 34 165 2 45 165 55 174 2 59 166 67 175 2 61 177 71 188 2 32 134 39 143 2
000675009.bmp 56 139 73 152 2 36 59 52 81 0 118 133 130 144 2 103 147 113 156 0
000766004.bmp 25 59 52 86 0
000943003.bmp 85 203 97 215 0
000350010.bmp 169 110 183 126 0
000719003.bmp 84 109 93 120 2
000525002.bmp 111 31 134 52 0
000690005.bmp 43 139 59 154 2 74 163 92 174 0
000307001.bmp 84 31 108 51 0
000147009.bmp 69 20 87 34 0
000093010.bmp 83 233 98 246 0
000993004.bmp 81 164 92 174 2 74 127 81 137 2 103 119 116 131 2
000914006.bmp 93 169 109 185 2
000692002.bmp 125 192 133 201 2 98 232 112 245 0
000675002.bmp 59 103 77 119 1
000886003.bmp 75 24 96 39 0
000701004.bmp 69 22 94 35 1
000772008.bmp 55 32 71 45 0
000609007.bmp 74 25 102 43 0
000871004.bmp 59 25 71 35 0 128 99 136 107 2
000713008.bmp 96 80 115 93 1
000322009.bmp 147 206 170 224 0
000787007.bmp 90 205 109 217 0
000795004.bmp 31 70 39 78 2
000952007.bmp 67 22 80 33 0
000014005.bmp 151 67 166 80 2
000595005.bmp 87 205 103 220 0 143 109 150 117 2
000072002.bmp 133 55 148 77 0
000431008.bmp 40 144 53 160 2 63 83 73 93 2
000544011.bmp 122 48 131 57 2 78 20 99 34 0
000592002.bmp 106 54 114 62 2
001119004.bmp 113 174 126 186 2
000961007.bmp 62 26 84 41 0
000318007.bmp 66 24 88 41 1
000417010.bmp 66 19 88 33 0
000863008.bmp 92 181 113 197 0
000622001.bmp 39 130 51 142 2
001005004.bmp 117 139 141 160 0
000467001.bmp 95 29 104 38 0
000168006.bmp 86 32 103 44 0
000733001.bmp 85 27 105 42 0
000765009.bmp 168 42 195 65 1
000897004.bmp 76 60 92 73 0
000596009.bmp 18 54 44 76 0
000696007.bmp 78 17 95 28 0
001069003.bmp 89 172 100 184 2 142 108 153 119 2 29 80 52 109 0
001132001.bmp 79 29 106 43 0
000773003.bmp 100 240 109 249 0
000949007.bmp 111 45 120 55 2
000207007.bmp 81 179 98 191 0
000855008.bmp 77 111 86 120 2 114 139 123 149 2
001052002.bmp 114 132 152 168 1
000298002.bmp 85 220 101 233 0 108 26 124 40 1
000223010.bmp 145 84 157 105 0
000545007.bmp 59 167 74 177 0 124 131 132 139 2
000432004.bmp 102 56 117 68 0 122 62 134 73 2
000837003.bmp 156 128 166 140 2
000891011.bmp 94 190 110 200 0
001030009.bmp 54 177 73 191 0
000751006.bmp 81 28 90 35 1
001033008.bmp 92 20 112 35 1
000691001.bmp 70 160 80 170 2
000017011.bmp 52 113 64 126 2
000003008.bmp 36 180 47 190 2 73 77 85 90 2 115 78 125 90 2 142 105 154 117 2 128 119 139 128 2 136 203 144 211 2 158 185 165 193 2 145 197 152 205 2 121 207 129 215 2 134 210 142 218 2 135 97 145 107 2
001071007.bmp 76 106 103 129 0
000385007.bmp 48 32 76 51 0
000754005.bmp 93 21 104 32 0
001017007.bmp 62 21 85 36 1
000441010.bmp 58 28 87 44 2
000764001.bmp 58 144 79 162 1
000672004.bmp 50 91 69 105 0
000204006.bmp 127 159 137 169 2
000419008.bmp 55 78 84 92 1
000417004.bmp 42 23 58 36 0
000886006.bmp 64 18 79 31 0
001052001.bmp 166 132 182 167 1
000695007.bmp 45 162 54 172 2
000756003.bmp 91 24 115 42 0
000576009.bmp 88 35 99 42 2
000536007.bmp 80 31 91 41 2
000748007.bmp 26 74 38 90 2
000895010.bmp 7 87 21 109 0
000670005.bmp 86 109 107 135 0 105 132 111 139 2
000682001.bmp 70 21 98 35 0
000088003.bmp 66 191 92 206 0
000544005.bmp 62 143 74 154 2 40 157 49 166 2 121 166 132 174 2 101 34 111 43 2 80 208 95 219 1
000354010.bmp 91 38 102 46 2
000347011.bmp 75 119 89 133 2 164 100 175 114 2
000482001.bmp 52 131 59 139 2
000340009.bmp 79 149 92 158 2
000592008.bmp 38 115 61 135 0 38 104 48 112 2
000575010.bmp 96 136 114 154 0
000601011.bmp 48 84 56 93 2
000592006.bmp 115 118 132 139 0 120 108 128 116 2 69 114 76 122 2
000429008.bmp 126 33 136 43 0
000429011.bmp 90 34 111 49 0
001071005.bmp 153 106 167 131 0
001129007.bmp 79 129 91 141 2
000670006.bmp 74 133 80 139 2 48 111 71 136 0
000187003.bmp 67 21 86 39 0
000869008.bmp 60 85 73 102 2 58 186 72 200 2 37 194 61 207 2 35 181 44 191 2 113 202 141 225 2 84 20 101 31 0
000018001.bmp 68 46 81 58 2 25 106 40 123 2 58 123 69 134 2 28 168 37 181 2 93 161 103 171 2 128 177 137 185 2 107 214 129 227 1
000050007.bmp 89 176 113 194 0
001059004.bmp 78 188 95 202 0
000127004.bmp 62 186 71 194 2
000250003.bmp 92 28 110 44 0
000148009.bmp 71 176 100 194 0
000592003.bmp 69 51 78 60 2
000537009.bmp 138 107 149 121 2
000910009.bmp 67 25 85 35 0
000322003.bmp 148 92 167 110 1
000581009.bmp 12 86 22 100 2 13 109 21 115 2
001021003.bmp 60 26 68 31 2
000668005.bmp 88 21 103 33 0
000248005.bmp 82 171 103 187 0
000515011.bmp 94 36 115 51 0
000425003.bmp 80 247 123 272 1
000891009.bmp 46 37 56 45 2
000136002.bmp 79 176 98 188 0
000220008.bmp 85 221 111 234 0
000433011.bmp 20 79 26 85 2
000850001.bmp 96 53 110 64 2
000738008.bmp 93 163 110 174 0
000298006.bmp 84 219 103 238 0
000208006.bmp 150 85 160 95 2 148 219 156 228 2
000332011.bmp 92 26 112 39 0
000941003.bmp 91 84 102 96 2
000522004.bmp 102 26 127 45 0
001126007.bmp 37 151 49 162 2 123 25 141 36 1
001129008.bmp 51 137 60 147 2
000964008.bmp 32 145 50 164 0
000376008.bmp 133 71 145 86 2
000484006.bmp 34 48 41 55 2 75 75 92 92 2
001079011.bmp 121 89 134 113 0
000164011.bmp 80 19 99 32 1
000648010.bmp 79 160 93 171 2
000839007.bmp 107 28 120 38 2
000546003.bmp 157 78 168 94 2
000297009.bmp 82 229 111 247 0
000797001.bmp 134 48 159 71 0
000179009.bmp 49 150 71 170 0
000025002.bmp 141 145 153 159 2 103 23 122 36 1
000043003.bmp 105 229 132 248 0
001019008.bmp 87 61 102 74 0 76 173 85 184 2 142 154 151 165 2 137 91 147 101 2
001087002.bmp 73 221 95 236 0
001012005.bmp 112 198 129 211 0
000034001.bmp 101 223 111 235 2 79 245 89 257 2
000229009.bmp 82 88 112 105 0
000486010.bmp 75 29 92 40 1
001097009.bmp 91 203 116 217 1
000152008.bmp 44 72 62 94 2
001067007.bmp 84 239 105 257 0
000160002.bmp 58 67 91 100 0
000473010.bmp 85 20 112 39 0
000542002.bmp 37 26 65 41 0
000436010.bmp 33 97 58 127 0
000813010.bmp 141 29 163 48 0
000887002.bmp 57 38 69 53 2
000010011.bmp 77 21 99 35 0
000717006.bmp 91 20 109 30 1
000882007.bmp 62 28 82 43 0
000716004.bmp 67 89 82 102 2 138 155 146 164 2 82 228 102 244 0
000829005.bmp 70 199 93 214 0
000063005.bmp 77 18 100 36 1 29 127 40 137 2
001081003.bmp 171 146 181 159 2 119 152 131 162 2 146 153 157 164 2 167 164 177 175 2 117 179 134 194 2 122 202 135 215 2 93 187 103 195 2 119 27 136 43 0
000884009.bmp 36 50 45 58 2 110 114 121 123 2
000964006.bmp 69 152 91 172 0
000482003.bmp 47 132 54 138 2 115 132 122 139 2
000030002.bmp 33 32 51 47 0 95 99 103 107 2
000533003.bmp 36 161 58 181 0
000591007.bmp 69 160 87 172 0 71 91 77 97 2 45 68 55 79 2 85 151 92 160 2
000632001.bmp 49 26 70 41 0
000594002.bmp 35 117 45 127 2 73 244 88 256 0
001013001.bmp 52 20 78 40 0 77 70 85 77 2 77 99 85 105 2 76 114 83 120 2 59 91 66 98 2
000589001.bmp 77 38 97 54 0
000068011.bmp 42 55 54 67 2
000298007.bmp 88 223 103 237 0
000837010.bmp 93 19 113 31 0
000892003.bmp 75 31 91 44 0
000685006.bmp 79 176 97 186 0
000437002.bmp 74 17 90 32 1
000016007.bmp 21 85 28 95 2
000377008.bmp 141 133 160 158 0
000774007.bmp 33 123 46 139 2
001042007.bmp 29 96 48 112 1
000755001.bmp 100 56 124 85 0
000330006.bmp 116 89 126 98 2
000102009.bmp 80 88 99 103 0 145 163 160 180 2 94 105 112 120 2
000009004.bmp 129 65 143 84 0
000535002.bmp 99 36 132 57 0
000346002.bmp 37 93 43 100 2
000565007.bmp 80 20 99 34 0
000377006.bmp 24 67 36 79 2
000180008.bmp 95 207 110 221 0
000223007.bmp 93 73 103 88 2
000463005.bmp 78 243 100 260 1
000830001.bmp 55 130 63 140 2 124 25 144 40 0
000608005.bmp 66 142 78 151 0
000931005.bmp 68 161 88 173 0
001076003.bmp 58 66 68 79 2 34 52 46 63 2
000189001.bmp 126 256 149 274 0
000316007.bmp 64 19 83 33 1
000812011.bmp 15 109 25 122 2
001121004.bmp 110 122 117 130 2 115 131 123 138 2 91 36 99 43 2 148 92 155 100 2 155 137 162 144 2
000878006.bmp 43 151 63 172 0
000437006.bmp 78 165 93 178 0
000461007.bmp 45 114 68 138 0
000202006.bmp 105 28 125 46 0
001054004.bmp 79 217 94 228 1
000463004.bmp 45 185 52 195 2 99 236 121 252 1 123 147 134 157 2
000833011.bmp 118 93 137 116 0
000187002.bmp 67 24 86 39 0
001010006.bmp 86 239 110 254 0
000196005.bmp 73 118 83 127 2 47 43 59 57 2 44 97 52 107 2 43 184 56 196 2
000092004.bmp 52 20 72 39 0
000735005.bmp 74 21 96 33 0
000146005.bmp 89 56 112 71 2
000238004.bmp 18 99 24 108 2 79 23 111 37 1
000988011.bmp 72 35 90 50 0 157 128 168 135 2
000793006.bmp 64 19 81 30 0
001032005.bmp 107 149 116 158 2 107 246 122 258 0
000620006.bmp 20 140 43 165 0
000329008.bmp 62 236 88 253 1
000126011.bmp 33 107 40 115 2
000626006.bmp 87 31 104 44 0
000092011.bmp 60 20 83 39 0
000039006.bmp 139 132 153 145 2 105 31 119 44 0
000846005.bmp 68 179 90 191 0
000567010.bmp 106 144 124 161 0
000694002.bmp 56 26 74 43 0
000438002.bmp 80 176 100 189 0
000677010.bmp 78 183 93 194 0
000387005.bmp 80 171 96 181 0
000202005.bmp 117 31 135 50 0
000550004.bmp 80 103 91 114 2 78 120 85 126 2
000650004.bmp 93 43 108 54 2 148 60 159 71 2
000064003.bmp 69 19 82 30 0
000918001.bmp 70 20 88 35 1
000183010.bmp 62 81 77 97 2
000998003.bmp 37 119 60 145 0
000927005.bmp 22 53 31 64 2
000588011.bmp 52 169 73 183 1
000177002.bmp 49 138 69 161 2
000300006.bmp 127 125 148 148 0
000073008.bmp 71 22 101 38 0
000945011.bmp 96 22 108 32 0
000760011.bmp 87 43 99 51 2
000134002.bmp 141 176 153 189 2
001009004.bmp 56 77 80 91 1
000026005.bmp 81 26 92 35 2
000838001.bmp 75 175 95 185 0
001121009.bmp 116 43 123 52 2
000797006.bmp 42 34 64 51 0
000935006.bmp 69 22 87 34 0
000487001.bmp 100 156 126 173 0
000571002.bmp 81 167 98 184 0
000096006.bmp 84 107 109 134 0
000806010.bmp 107 197 120 207 0
001077006.bmp 106 229 122 243 0
000357002.bmp 82 153 97 165 0
000295010.bmp 57 173 76 191 0
000110003.bmp 80 112 93 123 2 127 123 143 139 2 143 156 155 170 2 94 80 112 91 0
000149010.bmp 81 226 101 247 0
001076010.bmp 103 39 116 47 2
000499005.bmp 33 68 47 86 0
001126006.bmp 70 155 82 167 2
000632004.bmp 73 147 82 154 2
000568001.bmp 67 22 93 36 0
000149009.bmp 84 227 105 243 0
000494009.bmp 102 68 129 98 0
000046008.bmp 91 35 98 42 2
000478003.bmp 13 103 30 126 0
000138001.bmp 129 164 147 184 2
000925009.bmp 75 24 96 36 0
001016003.bmp 169 181 181 195 2 167 164 176 175 2 170 128 180 141 2 157 97 165 106 2 103 89 110 97 2 17 121 25 129 2
000555003.bmp 74 17 88 29 0
001016007.bmp 82 245 96 260 0 65 97 96 124 2 34 108 47 120 2 34 137 48 155 2 30 177 40 188 2 40 193 66 210 2 133 160 144 174 2
000202001.bmp 52 194 74 210 1
000434011.bmp 116 37 136 56 0
000971004.bmp 105 41 119 52 2
000909003.bmp 91 19 112 34 0 87 70 97 78 2
000815003.bmp 11 121 27 139 0
000487006.bmp 115 36 130 52 1
000437007.bmp 70 167 89 179 0
000847003.bmp 69 64 84 74 2
000216011.bmp 41 80 55 93 2
000996009.bmp 59 160 77 172 0
000313003.bmp 109 235 126 253 0
000985009.bmp 72 146 86 158 2 73 121 83 132 2 69 135 79 146 2 49 157 58 167 2 110 22 134 35 1
000944009.bmp 67 42 75 50 2 83 162 94 173 0 93 98 98 104 2 118 37 127 45 2 58 54 64 60 2 44 56 50 62 2 18 87 25 93 2
000767003.bmp 75 188 91 200 0
000935005.bmp 72 24 90 39 0
001050005.bmp 61 167 81 181 0
000513002.bmp 48 175 57 185 2
000396001.bmp 138 70 156 90 0 21 129 33 142 2
000766006.bmp 150 116 160 127 2
000192010.bmp 129 214 141 229 2 121 206 128 215 2 116 213 125 223 2
000723003.bmp 72 183 98 194 0
000460006.bmp 76 240 98 253 0
001108006.bmp 133 42 151 62 0
001102005.bmp 84 21 103 38 0
000312003.bmp 47 146 58 154 1
000999006.bmp 74 20 83 29 0
000832003.bmp 101 75 125 91 0
000762010.bmp 114 154 124 164 2 120 150 128 157 2 128 145 134 152 2 80 167 101 183 0
000754001.bmp 72 20 82 32 0
000844007.bmp 62 223 71 231 2
000549003.bmp 66 66 103 88 1
001074002.bmp 118 73 126 81 2 128 85 137 94 2
001131004.bmp 74 22 107 35 1
000903007.bmp 151 132 160 146 2
000003011.bmp 37 95 52 116 2 26 116 33 125 2 91 178 100 187 2 106 20 128 37 0 27 78 38 90 2 49 189 56 197 2 56 189 63 197 2
000622002.bmp 73 153 93 163 0
000020004.bmp 149 95 159 107 2 76 14 103 32 0
000280008.bmp 73 21 96 36 0
000798008.bmp 62 185 89 205 0 149 50 161 66 2
001122011.bmp 154 125 161 135 2
001107004.bmp 60 106 70 117 2 142 151 156 167 2 111 24 129 42 0
000949003.bmp 105 125 123 144 0
000459002.bmp 91 165 109 178 0
000798006.bmp 97 188 123 207 0
000374005.bmp 91 23 107 35 0
000941004.bmp 40 80 51 92 2
000175010.bmp 72 20 89 32 0
001108010.bmp 34 38 58 59 0
000296008.bmp 68 19 89 30 0
000938009.bmp 104 240 123 256 0
000857006.bmp 61 19 78 29 0
000035005.bmp 63 25 85 42 0
000416009.bmp 136 147 147 160 2 137 176 152 197 2 139 208 149 221 2 143 225 156 238 2
000426005.bmp 87 180 99 189 0
000953010.bmp 84 17 96 26 0
000319005.bmp 83 164 107 181 0 126 119 137 129 2
000402005.bmp 93 176 114 192 0
000919004.bmp 4 128 25 173 1 109 103 119 113 2 106 87 116 97 2 84 87 95 100 2 93 83 107 95 2 110 81 120 91 2 82 71 99 82 2 67 80 86 97 2 79 99 94 111 2 83 110 98 132 2 71 103 83 114 2 59 101 73 117 2 35 101 49 116 2 46 114 61 131 2
000021005.bmp 89 19 105 29 0 105 183 113 191 2 58 36 72 47 2 112 44 125 55 2
000864003.bmp 136 180 162 208 1
000050004.bmp 39 32 55 48 1
000367004.bmp 56 185 70 197 0
000408004.bmp 55 103 64 111 2 56 116 64 124 2 69 115 75 123 2
000716010.bmp 175 125 185 136 2 114 23 139 36 1
000436002.bmp 71 100 84 114 2
000888002.bmp 41 141 50 149 2
000649001.bmp 61 22 85 34 0 75 64 85 72 2
000815008.bmp 137 133 150 148 0
000917004.bmp 136 60 158 85 0
000461008.bmp 21 111 36 134 0
000738001.bmp 60 166 78 176 0
000075011.bmp 124 143 136 157 2
000268005.bmp 106 160 116 168 2
000503004.bmp 103 27 114 38 2
000762001.bmp 66 170 85 185 0 84 149 104 166 2
000898003.bmp 57 240 84 254 1
001041003.bmp 89 21 109 35 0
000341007.bmp 30 167 51 194 1 137 224 156 245 2 17 156 27 170 2
000748006.bmp 41 50 51 62 2 52 71 66 87 2 19 83 29 101 2
000347006.bmp 8 109 19 130 0
000695001.bmp 20 49 37 72 0
000163006.bmp 91 184 109 201 0
000857004.bmp 52 39 60 46 2 62 58 69 65 2 75 48 82 54 2 73 16 94 29 0
000134009.bmp 16 152 25 162 2 25 162 33 173 2 29 148 36 157 2 34 151 43 160 2
001070009.bmp 84 201 97 210 1
000322002.bmp 180 89 196 113 1
000018005.bmp 115 93 130 106 2 112 179 126 191 2 167 161 178 173 2
000199005.bmp 107 184 128 200 0
000822001.bmp 112 138 126 149 2
000152004.bmp 8 90 26 117 0
000815002.bmp 28 120 49 141 0
000634005.bmp 85 195 106 208 1
000147008.bmp 74 19 102 39 0
000506008.bmp 76 175 95 186 0 29 56 37 69 2 93 145 102 154 2
000195002.bmp 99 23 115 37 1
000561009.bmp 42 55 52 69 2 35 70 48 84 2 19 119 31 135 2 26 151 35 161 2 47 211 56 221 2 76 213 87 224 2
001002009.bmp 54 25 67 39 0 72 29 81 36 2 82 93 92 103 2
000750001.bmp 79 27 88 34 2
000367002.bmp 56 189 77 207 0
000069010.bmp 42 46 54 59 2 82 17 109 32 1
000866001.bmp 122 90 136 104 2 85 41 97 50 2
000399006.bmp 61 30 86 48 0
000689005.bmp 68 72 89 86 0
000120009.bmp 85 21 111 39 0
000658002.bmp 127 97 149 118 1
000486003.bmp 73 179 100 193 0
000468001.bmp 78 19 96 32 0
000941005.bmp 16 80 25 90 2
000060006.bmp 91 25 106 36 2
000565003.bmp 55 159 64 167 2
000185007.bmp 35 176 57 208 0
000172002.bmp 78 15 100 30 0
001119011.bmp 90 36 109 51 0
000936011.bmp 44 64 52 72 2 97 32 110 42 2 112 54 126 64 2 124 32 136 40 2 168 110 177 125 2 156 128 166 143 2 110 162 120 169 2 85 116 93 124 2
001102003.bmp 99 24 119 39 0
000415010.bmp 136 55 151 74 0
000955003.bmp 58 174 77 189 0
000187001.bmp 73 23 93 40 0
001078007.bmp 63 89 85 106 0
000337008.bmp 171 170 188 204 0 34 222 47 237 2
000857011.bmp 111 49 120 58 2 132 68 138 75 2 111 74 118 80 2 83 27 97 37 0
001065003.bmp 30 96 36 104 2 37 100 42 106 2 40 99 47 106 2
000175006.bmp 80 19 98 31 0
000097002.bmp 97 229 109 241 0
000741001.bmp 44 44 67 64 2
001118005.bmp 88 181 101 190 0
001122002.bmp 102 248 120 263 0
001021006.bmp 74 150 91 162 0
000998011.bmp 139 130 156 154 0
000286001.bmp 77 215 99 234 0
000539001.bmp 86 27 106 38 0
001113005.bmp 69 138 81 151 0
000850008.bmp 45 139 75 162 0
000817008.bmp 120 61 130 71 2
000320002.bmp 97 48 107 60 2
000056009.bmp 140 52 153 65 1
000045007.bmp 123 108 146 134 0
000098004.bmp 51 134 65 148 2 37 156 51 175 2
000270005.bmp 95 101 102 109 2 38 121 48 131 2 138 63 144 72 2 154 120 165 134 2 154 103 161 112 2 171 127 177 140 2 176 121 182 131 2 156 148 165 157 2 161 156 170 169 2 158 174 166 183 2 126 206 137 214 2 108 225 116 234 2 83 17 95 30 0
000963005.bmp 80 21 104 34 0 100 48 113 59 2
000924010.bmp 127 101 145 126 0
000461004.bmp 170 122 186 144 0
000791005.bmp 86 56 93 65 2
000484011.bmp 68 23 83 36 0
000742006.bmp 66 32 81 40 0
000384007.bmp 20 72 35 93 0
000775006.bmp 51 92 61 101 2 148 89 165 113 0
001010008.bmp 128 152 137 161 2
000125007.bmp 12 62 25 77 0
000625002.bmp 84 22 113 36 0
000548005.bmp 90 52 97 59 2
001128007.bmp 72 169 88 181 0
000035007.bmp 38 39 63 65 0
000999005.bmp 76 21 91 33 0
000046009.bmp 74 39 83 46 2
000939007.bmp 108 108 116 118 2 64 22 79 34 0
000288005.bmp 57 24 82 36 0
000748002.bmp 136 79 153 97 2 145 49 155 59 2 167 72 176 85 2 85 156 101 171 2 98 24 116 39 0
000072003.bmp 99 61 119 84 0
000787002.bmp 143 52 151 61 2
000521003.bmp 51 42 79 60 0
001112005.bmp 181 100 192 110 2
001079002.bmp 22 74 31 82 2
000602011.bmp 103 200 127 215 0
000032004.bmp 104 244 120 262 0
000733004.bmp 92 81 104 92 2
000743004.bmp 64 20 78 29 0
000040006.bmp 22 97 28 105 2 183 155 196 167 1
000049006.bmp 67 150 81 167 2 102 21 126 39 0
001126010.bmp 81 23 104 38 1
000363003.bmp 32 166 52 188 0
000409003.bmp 100 62 120 78 2
000096011.bmp 96 101 103 112 2 76 76 83 85 2
000648001.bmp 58 158 68 168 2
000645002.bmp 123 52 140 67 0
000579004.bmp 64 18 82 31 0
000759001.bmp 80 25 98 36 0
000491008.bmp 73 30 84 37 2
000770001.bmp 64 34 79 44 2 35 48 49 59 2 41 35 57 50 2
000180009.bmp 88 205 106 222 0 111 194 124 211 2
000587002.bmp 70 18 83 28 0
000158001.bmp 85 18 104 36 0
000005008.bmp 54 184 66 198 0
000542008.bmp 72 26 97 41 0
000974007.bmp 57 159 81 172 0
000463003.bmp 106 180 115 191 2
000282005.bmp 121 26 144 42 1
001121006.bmp 76 201 97 215 1 79 137 85 144 2 69 92 76 101 2 24 93 29 100 2 48 67 53 74 2 126 182 131 189 2 90 94 98 102 2
000765008.bmp 85 57 93 66 2 36 214 54 228 0
000417006.bmp 59 141 74 152 1
001038009.bmp 82 22 97 35 1
001043001.bmp 52 85 60 93 2 80 21 92 34 0
000641011.bmp 71 29 89 38 0
000595008.bmp 40 107 46 115 2 69 204 83 217 0
001050003.bmp 77 174 99 187 0
000052002.bmp 17 131 26 141 2 24 172 35 183 2
000418001.bmp 55 61 65 70 2
000550003.bmp 48 138 58 148 2
000456010.bmp 18 111 40 140 0
000554010.bmp 84 201 96 214 0
000828004.bmp 52 122 73 144 0
000304011.bmp 88 180 101 188 2
000125005.bmp 58 52 79 74 0
000898008.bmp 87 25 108 45 0
000434009.bmp 32 133 43 145 2
000292009.bmp 64 72 99 103 0
001009001.bmp 56 217 76 233 0
000874006.bmp 137 53 151 70 0
000688002.bmp 127 150 152 179 0
000353007.bmp 64 140 82 154 0 64 21 78 33 1 86 40 101 56 2
000886009.bmp 77 22 89 31 0
000946008.bmp 37 100 54 115 2 65 147 86 159 0
000274008.bmp 15 106 23 116 2
000458011.bmp 21 88 36 107 0 82 34 91 41 2
000757004.bmp 71 21 90 30 1 168 122 176 131 2
001077008.bmp 46 229 63 244 0
000291010.bmp 64 20 79 29 0
000789008.bmp 87 194 102 204 0
000817004.bmp 98 119 114 137 0 104 104 118 118 2
000562005.bmp 92 20 112 35 1 102 57 110 65 2 54 148 69 161 2
000459004.bmp 69 167 93 180 0
000427009.bmp 81 25 100 37 0
000897003.bmp 75 59 100 72 0
000811001.bmp 116 228 129 240 2
000846006.bmp 60 176 80 188 0
000040008.bmp 113 156 124 167 2
000255002.bmp 76 184 91 195 0
000341003.bmp 24 137 43 166 0 173 106 183 115 2 168 119 178 131 2
000235007.bmp 87 164 108 177 0
000507009.bmp 139 121 158 153 0
000295007.bmp 91 177 110 192 0
000706004.bmp 90 117 111 141 0
000795001.bmp 126 67 134 73 2
000988010.bmp 75 30 102 49 0
000260002.bmp 55 191 78 206 1
000893005.bmp 93 22 107 36 0
000054007.bmp 46 67 59 80 2 24 95 45 122 2 98 29 116 46 0 167 121 182 137 2
000645004.bmp 50 51 63 62 0
000331003.bmp 79 191 96 205 1
000985001.bmp 68 91 79 100 2
000462007.bmp 70 183 89 195 0
000695011.bmp 95 32 123 54 0
000562003.bmp 107 20 123 34 1 26 104 32 111 2 144 176 151 185 2
000395004.bmp 94 77 100 84 2
000825004.bmp 38 89 55 104 0 40 113 46 120 2 83 81 89 87 2 86 86 91 92 2 77 83 84 90 2 68 86 75 93 2 65 93 71 99 2 62 101 68 108 2
000598007.bmp 45 66 56 78 2 72 91 77 97 2 68 162 84 171 0
001046004.bmp 17 82 40 116 0
000464001.bmp 54 91 67 107 2
000510004.bmp 50 23 70 34 0
000850009.bmp 28 136 49 159 0
000603010.bmp 75 103 83 113 2 27 82 35 90 2
000800006.bmp 72 213 93 227 0 127 151 144 180 2
000976006.bmp 49 245 70 261 1
000528003.bmp 14 101 31 119 2
000937008.bmp 90 22 103 36 0
000597003.bmp 137 148 147 160 2 103 85 110 93 2
000946003.bmp 24 46 37 56 2 16 89 26 111 2
000384005.bmp 89 74 111 97 0
000891003.bmp 58 177 83 191 0
000685004.bmp 91 173 109 183 0
000163009.bmp 73 186 96 201 0
000633002.bmp 29 45 49 87 2
000830002.bmp 113 24 134 38 0 23 123 31 133 2
000917011.bmp 88 128 97 137 2
000722003.bmp 89 32 104 44 1
000755010.bmp 140 59 159 94 0
000675003.bmp 28 95 43 113 1
000489003.bmp 99 81 110 91 0
001072005.bmp 90 185 105 202 2
000555010.bmp 87 26 100 39 0
000335004.bmp 135 96 146 113 2
000901001.bmp 79 244 108 259 1
000992005.bmp 44 198 58 208 0
000847002.bmp 113 62 125 73 2
000467002.bmp 95 27 105 36 0
000347010.bmp 111 116 127 132 2
000265005.bmp 92 24 113 39 1
000153010.bmp 21 139 30 149 2 76 214 97 229 1
000929006.bmp 160 111 166 120 2 161 156 172 168 2 184 134 191 142 2 179 124 185 132 2 177 179 189 189 2 183 166 191 174 2 178 165 185 175 2
001073001.bmp 134 65 143 74 2
000203002.bmp 6 58 21 84 0
000944011.bmp 69 160 89 172 0 83 30 99 39 2 67 37 76 43 2
000535005.bmp 29 33 51 53 0
001039011.bmp 116 180 130 191 2
000365002.bmp 74 169 85 177 2
000858011.bmp 74 180 101 194 0
000662006.bmp 64 155 81 165 0
000567002.bmp 71 134 94 151 0
000845007.bmp 116 32 128 38 2
000619004.bmp 72 132 82 141 2 48 174 56 183 2 74 19 105 34 1
000739006.bmp 26 122 48 152 0
000579011.bmp 88 116 95 123 2
000449010.bmp 115 28 136 44 0
000552005.bmp 77 202 92 215 0
000352003.bmp 79 66 97 79 0 44 128 68 156 2 36 152 45 167 2 53 161 65 175 2 74 153 89 168 2 47 180 55 190 2
000069001.bmp 71 192 103 212 0
000219001.bmp 180 71 191 84 2
000137005.bmp 52 45 66 56 2 55 157 64 165 2
001040010.bmp 128 90 142 103 2
000124004.bmp 131 22 150 39 0
000043006.bmp 65 228 94 248 0
000076005.bmp 32 106 49 129 1
000730011.bmp 85 152 92 159 2
000224003.bmp 47 30 77 51 2
000917009.bmp 150 118 159 131 2
000678005.bmp 55 92 64 105 2
000932005.bmp 107 90 124 106 0 72 19 81 29 0
000155009.bmp 77 203 103 217 0
000770007.bmp 115 35 125 47 2 130 51 137 61 2
000793007.bmp 52 24 69 34 0
000436008.bmp 114 94 143 120 0
000527006.bmp 96 43 113 58 0
000153007.bmp 122 140 134 151 2
000283001.bmp 76 17 95 31 0
000045009.bmp 47 108 71 134 0
000001010.bmp 66 28 94 42 0 117 157 131 173 2 132 59 142 71 2
000079006.bmp 73 18 100 36 1 102 243 122 260 0 161 165 170 175 2
001029004.bmp 26 142 49 166 0
001087011.bmp 134 152 147 164 2 65 26 86 40 1
000151011.bmp 96 128 108 138 2
000873001.bmp 121 91 136 106 2 85 42 94 50 2
000396009.bmp 67 179 79 189 2
000351003.bmp 25 37 44 80 2
000547011.bmp 45 164 52 171 2 100 194 106 201 2 80 39 97 49 2 66 199 85 211 0
001073007.bmp 57 25 79 35 1
000037003.bmp 38 200 85 224 2 136 137 158 160 0
000972001.bmp 110 27 123 41 0
000580001.bmp 65 74 75 85 2
001024010.bmp 75 61 85 70 2
000035006.bmp 46 26 75 49 0
000712003.bmp 64 141 74 149 2
000424007.bmp 61 23 78 34 0
000927009.bmp 43 120 65 140 0
000766010.bmp 24 108 34 120 2
000537006.bmp 8 92 34 119 0
001097004.bmp 76 26 91 37 0
000385006.bmp 69 28 97 47 0
000964011.bmp 127 43 139 56 2
000400002.bmp 84 23 107 42 0
000064007.bmp 44 160 52 168 2
000216005.bmp 75 93 99 122 0
000009008.bmp 48 69 61 83 2
001037005.bmp 90 234 113 248 0
000156003.bmp 43 32 66 47 0
000383007.bmp 10 136 23 158 2 28 143 47 169 1
000235011.bmp 46 162 60 173 0
000561003.bmp 110 21 129 39 0 65 225 77 235 2 33 115 41 124 2 161 158 170 168 2 150 65 160 73 2
000156001.bmp 86 24 110 41 0
001035006.bmp 76 207 92 219 0
001032001.bmp 65 87 76 99 2 79 235 92 247 0
001103005.bmp 67 19 81 28 0
000039010.bmp 11 129 21 140 2 48 137 60 149 2 75 135 84 144 2 91 125 100 134 2 140 181 151 193 2 163 168 174 179 2 129 193 138 202 2
000528008.bmp 122 81 135 103 0
000372004.bmp 91 224 115 244 0
000508009.bmp 89 152 108 167 2
000804009.bmp 14 136 25 150 2 26 116 41 132 2 23 117 29 124 2 70 95 80 107 2 93 219 105 227 0
001075003.bmp 68 159 84 169 0
000834006.bmp 100 115 115 132 0
000688005.bmp 88 140 99 153 2 156 150 166 173 1
000202010.bmp 56 29 80 46 0
000570005.bmp 62 24 85 43 0
000405005.bmp 66 170 88 184 0
000638009.bmp 63 170 73 179 0
000797005.bmp 50 34 75 55 0
000594010.bmp 55 169 62 181 2 84 36 104 50 0
000643009.bmp 82 24 92 33 0 115 38 123 47 2 98 138 133 150 2 38 161 45 170 2
000650006.bmp 46 51 59 60 2 96 66 108 75 2
000079009.bmp 55 176 67 189 2
000379005.bmp 88 143 103 158 0
000174006.bmp 144 194 157 209 2
000320008.bmp 80 194 107 208 0
001133003.bmp 102 213 125 228 0
000104009.bmp 154 81 171 105 1
000210005.bmp 87 21 104 36 0
001044007.bmp 88 189 100 201 1
000415005.bmp 141 115 151 128 1
000667010.bmp 72 198 87 209 0
000267004.bmp 65 19 84 32 0
000979001.bmp 92 229 105 240 0
000547008.bmp 109 148 117 158 2 158 176 166 184 2 142 47 152 55 2 109 206 132 221 0
001056011.bmp 69 159 106 176 0
000556011.bmp 102 160 110 169 2
000219011.bmp 60 189 83 209 0
000407002.bmp 113 90 134 109 0
000100004.bmp 73 169 92 181 0
000446002.bmp 81 176 97 187 0
001049002.bmp 107 205 120 221 0
001056003.bmp 42 149 67 166 0
000859007.bmp 70 24 84 35 0
000789005.bmp 82 190 99 203 0
000957005.bmp 49 70 65 85 2 98 137 109 147 2 102 157 111 166 2
000823004.bmp 75 21 92 32 0
000169004.bmp 80 228 102 242 1
000561004.bmp 99 20 120 38 0 176 113 187 128 2 134 157 142 168 2 125 60 134 70 2 162 204 170 215 2 183 145 191 155 2
000292003.bmp 101 103 110 115 2
000143010.bmp 90 223 109 241 0
000188008.bmp 65 179 79 192 0
001050002.bmp 91 169 112 181 0
000199004.bmp 118 177 143 194 0
000775003.bmp 39 101 50 113 2 160 91 168 101 2
001025010.bmp 118 22 136 41 0
000700011.bmp 83 251 101 265 0
000702007.bmp 76 186 95 199 0
000216001.bmp 20 70 30 81 2
001028007.bmp 83 31 103 48 0
001074001.bmp 149 77 156 85 2 96 32 116 49 0
000965009.bmp 107 72 118 83 2
000953007.bmp 78 16 92 26 0
001024007.bmp 21 88 34 116 2 31 64 45 75 2
000688009.bmp 136 146 156 175 0
000841006.bmp 61 158 78 168 0
001001006.bmp 55 22 71 34 0
000088006.bmp 113 31 124 39 2
000828011.bmp 37 89 48 103 2
001132002.bmp 71 25 95 39 0
000211010.bmp 66 33 80 43 2
000666005.bmp 53 23 74 35 0
000026009.bmp 108 182 138 201 0
000316002.bmp 70 149 96 164 0
000483001.bmp 120 55 129 64 2 64 27 86 41 1
000250011.bmp 92 200 107 210 1
000383009.bmp 130 149 156 177 0
000175007.bmp 79 17 99 30 0
000512002.bmp 106 212 128 229 0
001113009.bmp 52 139 66 153 0
000865009.bmp 137 122 153 140 2 120 247 141 260 0 165 186 179 202 2 172 156 184 168 2 179 197 189 210 2 173 128 181 137 2 186 154 194 163 2 188 142 199 155 2 190 176 201 189 2
000169003.bmp 89 225 113 239 1
000300003.bmp 60 64 72 76 2
000561006.bmp 77 26 101 42 0 57 64 66 75 2 109 49 124 63 2 115 65 131 79 2 112 116 127 130 2 127 149 136 159 2 58 162 67 171 2 121 209 131 221 2 151 212 159 220 2
000322004.bmp 125 86 144 108 1
000358005.bmp 69 120 85 135 2
000800003.bmp 74 66 100 82 1
000695004.bmp 133 159 147 175 2
000049009.bmp 65 34 90 54 0 112 137 120 147 2
000205002.bmp 58 151 82 189 2 64 107 80 122 2 74 98 82 111 2 69 75 85 93 2
000364005.bmp 74 26 98 41 0
000200003.bmp 67 189 87 207 0
000952008.bmp 138 126 146 136 2
000329003.bmp 93 72 114 87 0
000711005.bmp 82 24 98 35 1
000150005.bmp 104 83 120 98 0
000546001.bmp 17 122 32 142 0
000064004.bmp 66 20 84 31 0 96 32 106 40 2 110 44 117 53 2
000764011.bmp 20 67 38 88 0
000891005.bmp 93 151 101 159 2
000458005.bmp 43 80 52 93 2
000658007.bmp 170 53 181 67 2 196 117 212 135 0
000797009.bmp 119 195 129 206 2
000348010.bmp 70 38 79 47 2
000719006.bmp 137 68 150 86 0
000149007.bmp 90 226 119 243 0
000979006.bmp 97 227 111 238 0
000332001.bmp 73 21 101 37 0
000981011.bmp 99 35 109 44 2
000220004.bmp 115 203 136 222 0
000355001.bmp 153 123 169 143 0
000461002.bmp 24 80 32 91 2
001045001.bmp 78 21 102 37 0 45 79 53 86 2
000960002.bmp 107 23 128 35 0
000450004.bmp 117 30 143 57 0
000332002.bmp 62 20 86 36 0
000923009.bmp 93 16 107 28 0
000820009.bmp 79 28 92 41 0
001112011.bmp 43 129 54 140 2
000063001.bmp 59 171 81 187 0
000989004.bmp 77 162 90 170 0
000279007.bmp 23 152 41 173 0
000041001.bmp 74 17 103 35 0
000119007.bmp 80 244 111 262 0
000158005.bmp 57 108 64 116 2 71 22 83 33 0
000069008.bmp 96 52 110 65 2
000741006.bmp 73 191 85 201 0
000433010.bmp 58 73 66 82 2
001051010.bmp 125 52 133 60 2
001089008.bmp 18 80 26 89 2
000735006.bmp 73 24 97 37 0
000012005.bmp 115 156 130 169 2 118 174 132 185 2
000233001.bmp 119 161 128 175 2
000399009.bmp 114 189 126 201 1
000072011.bmp 132 78 147 99 0
000364002.bmp 113 27 132 42 0
000499001.bmp 25 101 34 110 2
000932001.bmp 80 18 95 28 0
000440002.bmp 52 25 68 37 0 50 36 60 44 2
000374006.bmp 80 18 104 34 0
000754002.bmp 76 17 85 28 0
000460002.bmp 89 74 113 87 1
000964003.bmp 141 142 156 163 0
000018004.bmp 39 179 49 189 2 144 174 157 185 2 151 89 162 102 2
000444001.bmp 46 30 75 50 0 56 80 71 96 2 28 131 42 144 2
000824002.bmp 64 215 90 233 0
000018007.bmp 50 90 61 102 2 51 174 66 188 2 115 157 129 171 2
001003004.bmp 66 159 91 173 0
000699003.bmp 164 131 172 139 2 182 155 190 170 2
000148001.bmp 64 182 77 195 0 102 32 118 45 2
000353004.bmp 59 140 79 153 0
000156011.bmp 98 25 120 40 0
000159001.bmp 57 55 66 62 2 56 62 64 71 2
001054005.bmp 65 211 76 224 1
000080001.bmp 95 21 117 37 0
000179003.bmp 84 37 99 48 2
000322005.bmp 84 59 105 81 1
000773009.bmp 96 242 107 251 0
001069011.bmp 59 165 76 181 1
001046003.bmp 45 71 78 102 0
000864006.bmp 41 147 49 156 2 91 198 97 207 2 141 124 163 150 0
000532004.bmp 78 192 92 201 0
000295004.bmp 65 17 82 31 1
001064006.bmp 82 211 96 224 0
000670002.bmp 42 52 54 63 2
000481011.bmp 71 68 80 76 2
000843003.bmp 49 126 55 133 2 104 49 111 56 2 77 157 83 164 2 81 163 87 169 2 150 89 155 95 2 160 84 166 90 2 158 117 164 123 2
000588009.bmp 87 173 109 185 1
000636010.bmp 78 187 95 198 0
000575002.bmp 56 127 77 147 0
000200001.bmp 94 213 113 226 0
000697006.bmp 96 148 104 155 2
000777002.bmp 110 82 130 94 0
000609009.bmp 35 26 64 46 0
000467005.bmp 82 23 97 35 0
000479004.bmp 89 157 110 172 0
000643011.bmp 28 131 62 143 2 140 125 150 136 2
000152010.bmp 146 87 162 116 0
000363007.bmp 57 36 69 44 2
001048004.bmp 86 25 100 36 0
000783005.bmp 74 66 86 76 2
001053009.bmp 87 241 109 259 0
000865003.bmp 69 238 93 255 0 58 103 67 113 2 49 106 60 116 2 45 130 60 151 2 37 134 48 149 2 23 131 34 143 2 26 164 36 181 2 34 179 46 188 2 22 190 30 200 2 13 179 22 192 2 16 144 25 154 2
000714008.bmp 104 78 125 105 0
000692009.bmp 46 112 56 122 2
000043004.bmp 88 230 118 249 0
001060006.bmp 65 19 88 32 0
001081004.bmp 83 97 92 105 2 84 143 95 151 2 115 144 125 154 2 148 137 159 149 2 149 157 162 166 2 146 178 158 188 2 105 196 120 205 2 88 171 106 185 2 65 177 75 187 2 130 150 138 158 2 166 146 174 154 2 104 21 121 34 0
000598006.bmp 29 109 40 120 2 89 65 100 78 2 62 160 82 171 0 91 27 98 33 2
000534003.bmp 42 54 50 62 2
000754010.bmp 75 23 87 34 0
000438010.bmp 83 172 102 182 0
000930009.bmp 58 24 73 38 0
000262009.bmp 114 228 134 245 2 38 206 47 215 2 29 141 36 153 2 14 149 25 167 2 114 96 124 108 2 128 95 147 113 2 130 193 149 214 2
000960004.bmp 89 17 113 28 0
001002003.bmp 66 173 73 180 2
000950006.bmp 78 30 92 39 2
000639005.bmp 105 215 124 230 0
000243002.bmp 77 169 93 182 0
000413008.bmp 95 194 105 206 2 11 150 21 167 2
001126009.bmp 96 26 117 39 1
000998006.bmp 133 59 141 70 2
000376005.bmp 48 95 68 118 0
000518007.bmp 65 27 86 42 0
000837009.bmp 105 25 121 37 0
000318004.bmp 102 19 128 37 1
000312001.bmp 103 158 111 168 2
000831002.bmp 84 24 98 32 0
001026010.bmp 84 192 103 204 0
001025005.bmp 71 17 85 28 0
000699007.bmp 64 141 83 159 2 32 119 40 129 2
000883001.bmp 88 56 105 72 2
001113001.bmp 56 139 67 151 0
000801003.bmp 143 94 156 113 0
000203009.bmp 31 58 55 84 0
000007010.bmp 83 23 94 32 2 96 67 115 79 2 124 86 143 104 2 102 109 112 119 2 94 116 102 126 2
000189004.bmp 68 252 95 270 0
000779009.bmp 51 111 76 138 0
001063001.bmp 91 207 113 217 1
000111005.bmp 85 213 97 224 0
000699004.bmp 119 42 131 52 2 134 127 144 137 2 164 153 181 170 2
000384004.bmp 128 68 146 92 0
001053002.bmp 73 18 96 30 1 104 29 121 41 2
000383005.bmp 79 136 118 160 2 143 146 164 170 1
000503010.bmp 74 190 96 204 0
000232008.bmp 83 24 107 39 0
000417002.bmp 46 22 68 38 0
001017006.bmp 78 179 87 188 2 75 25 93 41 1
000195007.bmp 113 199 143 217 0
000855010.bmp 41 148 50 156 2
000629005.bmp 49 81 66 96 2
000736007.bmp 56 24 74 35 0 40 139 49 149 2
001084010.bmp 117 25 135 41 0
000347008.bmp 184 115 196 131 2
000090006.bmp 103 144 122 166 1
000575001.bmp 99 129 118 149 0
000464011.bmp 152 108 161 121 2
000056004.bmp 134 110 156 140 0
000015003.bmp 101 166 123 184 0
000461011.bmp 169 99 180 111 2
000853010.bmp 83 24 98 37 0
000423009.bmp 49 92 59 102 2 59 171 77 185 0
000505004.bmp 27 41 38 51 2 65 159 84 173 0
000313007.bmp 88 237 104 252 0
000661004.bmp 109 60 122 74 2 91 127 98 134 2 131 83 143 95 2 63 159 69 166 2
000339010.bmp 90 183 114 203 0
000719009.bmp 36 73 65 98 0
001043011.bmp 74 67 83 77 2 105 86 114 94 2
000964005.bmp 100 144 120 163 0
000206002.bmp 56 195 66 206 2
000158004.bmp 94 109 101 118 2
000655001.bmp 102 212 113 223 2
000415006.bmp 111 116 121 129 2
000700003.bmp 87 39 138 59 1
000958010.bmp 85 26 97 37 1
000094009.bmp 93 259 117 274 0
000468002.bmp 62 20 82 33 0
000295002.bmp 86 21 102 34 1
000882011.bmp 86 147 96 155 2
000755007.bmp 63 117 76 125 2
000156005.bmp 101 154 122 170 1
000357010.bmp 77 154 89 167 0
000415011.bmp 112 55 133 76 0
000296011.bmp 110 32 129 48 2
000788004.bmp 94 17 107 30 0
001018002.bmp 35 78 59 110 0
000108005.bmp 76 21 96 37 1
000528002.bmp 22 90 34 106 0 40 104 60 121 2
000713005.bmp 61 230 81 247 0
000727003.bmp 65 56 72 63 2
000981002.bmp 69 27 81 37 2
001121007.bmp 36 96 44 103 2 20 114 26 121 2 44 140 50 147 2 35 76 41 83 2
001072003.bmp 78 71 92 83 0
000123002.bmp 83 20 101 33 0
001134009.bmp 78 23 94 35 0
000380005.bmp 78 159 93 170 2
000536003.bmp 26 152 50 177 0
001064007.bmp 76 212 90 224 0
000248006.bmp 70 172 91 188 0
000094001.bmp 64 237 88 257 0
000764002.bmp 30 151 48 169 1
000708001.bmp 70 61 80 73 2 104 89 115 101 2
000757005.bmp 145 131 156 140 2
000608006.bmp 59 141 77 150 0
000877008.bmp 87 28 119 48 0
000950009.bmp 58 64 69 78 2
000691010.bmp 101 165 110 174 2
000914004.bmp 164 166 177 179 2
000931006.bmp 65 163 84 173 0
000563002.bmp 92 54 101 61 0 146 52 164 74 0
000604010.bmp 55 35 70 50 2 39 70 48 78 2 62 93 75 104 2 58 114 71 126 2 70 112 77 122 2 77 106 91 119 2 88 114 95 124 2 129 95 136 104 2 135 96 142 104 2 101 41 122 58 2 173 110 180 117 2 161 77 171 86 2 18 126 24 133 2 44 192 50 200 2
000145011.bmp 71 202 83 213 0
000447008.bmp 82 183 100 196 0
000585004.bmp 27 71 35 78 2 97 23 112 33 1
000097008.bmp 82 230 94 241 0
000956001.bmp 107 196 127 214 0
000443003.bmp 58 21 77 33 0
000278008.bmp 56 34 79 52 0
000789010.bmp 86 193 107 206 0
000702001.bmp 83 189 104 201 0 103 69 111 80 2 117 85 123 92 2 89 29 98 37 2
000211004.bmp 82 138 103 157 0
000613011.bmp 98 196 115 209 0
000619009.bmp 77 222 91 235 0
000514004.bmp 114 102 122 110 2
001087005.bmp 159 159 168 167 2
000787008.bmp 144 80 155 90 2
000084002.bmp 68 23 92 38 0
000030004.bmp 152 121 160 130 2 17 121 26 131 2 121 172 131 181 2
001099005.bmp 145 60 156 75 2
000029004.bmp 87 26 109 40 0
000364007.bmp 52 25 76 42 0
001076004.bmp 98 183 117 197 1
000819002.bmp 152 91 174 109 2
000690006.bmp 63 161 87 174 0
000396004.bmp 37 34 59 50 0
000405006.bmp 56 168 80 182 0 102 21 123 37 1
000049011.bmp 39 147 48 158 2
000629011.bmp 43 100 65 128 0
001108009.bmp 55 33 83 53 0
000713009.bmp 59 86 78 101 1
001131002.bmp 88 26 125 42 1
000058006.bmp 121 123 147 152 0
000624007.bmp 77 121 96 140 0
000175009.bmp 77 18 91 31 0
001079009.bmp 46 68 54 77 2
000478001.bmp 86 98 112 126 0
000788005.bmp 86 23 103 37 0
000994005.bmp 53 35 65 47 2
000779007.bmp 137 97 153 119 0
000588002.bmp 112 21 134 42 0
000988009.bmp 96 30 118 48 0
000254010.bmp 70 17 97 36 1
000964007.bmp 47 157 67 175 0
000899009.bmp 70 23 82 34 2
001089007.bmp 39 74 47 85 2
000095001.bmp 120 27 141 40 1
000183004.bmp 99 84 116 102 0
000145008.bmp 83 202 100 217 0
000247009.bmp 68 23 79 31 0
000624008.bmp 39 126 55 144 0
000254001.bmp 109 201 132 218 0
000323004.bmp 88 89 104 106 2
000379011.bmp 70 27 82 37 2
000562006.bmp 80 21 97 33 1 67 60 76 68 2 50 181 58 189 2 26 151 37 162 2
000492003.bmp 65 240 94 258 1
000592011.bmp 111 67 117 74 2
001122003.bmp 92 252 108 263 0
001084007.bmp 84 174 94 181 2
000419001.bmp 69 71 94 82 1
000230004.bmp 104 220 123 233 0
001122006.bmp 66 238 86 254 0
000651009.bmp 123 159 130 168 2 83 202 98 214 1
000085008.bmp 67 22 81 34 1
000152007.bmp 82 79 101 101 2
000854011.bmp 30 157 42 169 0
000842010.bmp 88 26 109 40 0
000791006.bmp 42 59 48 65 2 117 73 126 81 2 115 86 123 95 2
000000005.bmp 45 32 55 40 2
000648003.bmp 118 29 139 46 0
000664002.bmp 61 157 76 167 0
000124009.bmp 74 23 95 37 0
000876004.bmp 82 17 101 37 0
000433001.bmp 65 73 75 80 2
000841003.bmp 86 154 101 165 0
000553006.bmp 92 24 108 38 0
001106001.bmp 71 192 90 213 0
001104009.bmp 104 44 128 67 0
000865007.bmp 82 47 108 64 1
000396010.bmp 51 182 62 191 2
000489004.bmp 86 81 109 100 0
000476007.bmp 26 77 47 104 0
000468011.bmp 69 28 90 43 0
000797004.bmp 68 36 92 57 0
000553008.bmp 75 27 100 48 0
000287009.bmp 70 168 86 178 0
000936010.bmp 74 64 80 71 2 139 54 150 62 2 118 33 128 41 2 173 131 180 140 2 120 111 130 121 2 140 162 147 169 2
000584004.bmp 95 67 101 75 2
000547006.bmp 65 65 73 73 2 175 142 183 150 2
000100003.bmp 80 167 99 180 0
000755006.bmp 104 114 116 123 2
000533006.bmp 63 97 72 105 2 107 36 118 46 2 117 160 129 170 2
001060008.bmp 67 20 82 29 0
000666002.bmp 89 27 115 42 0
000201004.bmp 43 202 66 228 0
000018008.bmp 22 92 33 104 2 30 174 41 187 2 76 156 91 171 2 94 24 115 39 0
000229003.bmp 52 77 78 95 0 78 171 92 187 2
000774011.bmp 112 93 136 118 0 140 113 148 120 2
000575006.bmp 90 37 99 45 2
000905009.bmp 129 115 148 132 0
000079005.bmp 80 17 105 33 1 108 246 126 260 0
000779010.bmp 21 107 40 134 0
000250004.bmp 75 30 96 47 0
001028006.bmp 99 22 116 39 0
000966001.bmp 73 20 89 31 0
001102004.bmp 92 22 112 39 0
000648005.bmp 62 28 83 46 0
000675008.bmp 65 55 93 81 0 78 140 98 152 2
000346005.bmp 83 180 106 194 0
000701011.bmp 84 89 90 96 2 59 179 75 191 0
000030009.bmp 129 29 151 48 0 83 54 92 64 2
000965007.bmp 164 79 173 90 2
001080006.bmp 76 176 93 186 0
001087001.bmp 85 214 108 230 0
000544003.bmp 139 137 149 150 2 117 150 127 160 2 32 166 39 173 2 63 111 80 124 2
000030011.bmp 93 26 115 45 0
000903003.bmp 28 134 36 143 2 71 46 79 53 2 44 55 50 63 2 89 53 121 69 2 109 46 120 55 2 133 86 149 98 2
000119002.bmp 101 68 128 83 1
000693006.bmp 53 42 62 49 2 60 50 67 58 2
000096005.bmp 119 115 137 138 0
000476004.bmp 136 76 149 95 0
000063006.bmp 63 18 93 36 1
000597011.bmp 77 30 103 45 0
000815005.bmp 101 65 111 74 2
000408010.bmp 131 75 138 83 2 69 183 74 190 2
000812006.bmp 163 118 172 132 2
001089006.bmp 79 84 89 95 2
000203010.bmp 10 63 27 87 0
001085006.bmp 49 69 55 75 2 108 151 118 160 2
000342001.bmp 25 139 33 149 2
000390009.bmp 86 95 102 109 2
000136004.bmp 78 173 94 185 0
000399010.bmp 103 189 122 202 1
001024005.bmp 86 63 105 79 2 85 87 99 116 2
000696008.bmp 73 22 91 32 0
000232010.bmp 63 26 89 41 0
000717001.bmp 64 98 76 109 2
000447009.bmp 72 185 89 195 0
000226001.bmp 65 24 86 39 0
000446008.bmp 68 177 88 187 0
000502004.bmp 130 48 143 62 2
000588004.bmp 66 28 85 42 0
000393008.bmp 66 246 81 259 0
000053007.bmp 118 212 136 225 1
000707011.bmp 52 22 68 33 0
001133001.bmp 136 193 151 210 0
000793003.bmp 51 142 61 150 2
000218003.bmp 90 24 111 42 0
001044006.bmp 99 191 111 199 1
000329004.bmp 82 80 102 93 0
000040007.bmp 157 151 168 161 2
000004010.bmp 74 178 95 193 0
000347004.bmp 45 113 71 141 0
000988007.bmp 128 31 146 45 0
000985006.bmp 173 131 180 139 2 168 147 178 165 2 141 162 154 176 2
000205003.bmp 12 160 23 182 2
000886002.bmp 80 22 92 34 0
000589008.bmp 111 37 129 56 0
001093006.bmp 58 140 69 150 2
000503011.bmp 70 190 92 203 0
000056001.bmp 42 77 58 92 2
000938008.bmp 27 143 36 154 2 110 241 137 260 0
000456006.bmp 152 112 169 138 0
000341005.bmp 144 139 171 172 1 53 117 65 130 2 36 135 48 145 2 127 130 141 143 2
000021006.bmp 85 18 106 34 0 82 184 91 191 2 130 140 140 149 2 47 36 59 46 2 127 96 136 106 2 82 42 97 55 2 17 98 26 109 2
000949008.bmp 73 43 82 51 2
000945001.bmp 81 25 101 42 0
000836009.bmp 49 104 56 112 2
000363006.bmp 78 31 89 39 2
000603001.bmp 131 240 147 255 1
000971002.bmp 147 55 164 75 1
000952009.bmp 109 130 119 141 2
000617003.bmp 116 146 128 157 2
000414004.bmp 61 39 88 57 0
000862010.bmp 71 199 87 208 0
000122001.bmp 77 223 98 238 0
001072004.bmp 77 74 94 86 0 148 194 160 208 2
000668008.bmp 64 146 75 155 2 81 23 103 35 0
000854001.bmp 84 47 98 59 2
000672009.bmp 99 107 121 123 0
001010005.bmp 96 243 111 257 0
000101011.bmp 101 26 126 50 0
000883011.bmp 133 68 145 80 2
000159005.bmp 80 182 93 192 0
000711009.bmp 82 166 104 182 0
000907003.bmp 167 162 176 174 2 99 225 116 238 0
000584005.bmp 52 60 61 70 2 82 19 103 30 0
000393007.bmp 74 246 95 263 0
000477005.bmp 75 19 87 31 0
000548006.bmp 48 52 55 58 2
000179008.bmp 84 147 103 167 0
000846002.bmp 103 177 121 186 0 103 48 114 59 2 149 84 157 95 2
000609008.bmp 49 20 78 42 0
001122001.bmp 115 238 131 255 0
000712001.bmp 68 194 91 209 0 149 135 159 143 2
000544008.bmp 32 165 42 174 2 97 78 110 90 2 103 65 111 72 2
000234010.bmp 85 25 103 38 0
000798011.bmp 53 48 71 66 2
000218004.bmp 83 25 104 43 0
000323008.bmp 143 86 161 108 0
000617007.bmp 144 115 150 123 2
000564005.bmp 121 50 130 58 2 101 26 114 36 0
000323006.bmp 20 93 33 107 2
000961005.bmp 82 16 95 27 0
000797011.bmp 64 182 76 194 2
000937003.bmp 104 17 118 28 0 85 206 99 219 1
000007001.bmp 17 79 33 102 2
000330005.bmp 149 81 156 89 2
000911005.bmp 68 175 80 185 0
000950005.bmp 99 29 112 39 2
000595006.bmp 112 107 118 114 2 79 201 97 218 0
000886001.bmp 81 23 97 37 0
000939003.bmp 95 20 114 36 0
000097001.bmp 59 155 69 164 2
001049011.bmp 109 20 125 32 1
000619007.bmp 89 222 107 236 0
000381010.bmp 31 57 39 64 2 62 47 70 54 2
000925010.bmp 67 25 90 35 0
000002011.bmp 138 170 150 182 2
000505003.bmp 77 159 101 174 0 48 43 60 53 2
000377011.bmp 29 146 50 170 0
000384006.bmp 48 67 66 92 0
001103003.bmp 72 20 84 30 0
000553009.bmp 103 44 121 56 2 69 25 89 43 0
001053003.bmp 84 24 99 35 2
000615007.bmp 65 64 87 79 0
000223005.bmp 8 73 18 89 0
000562007.bmp 16 149 25 159 2 47 58 54 65 2
000843004.bmp 89 33 95 39 2 74 53 81 59 2 120 90 126 96 2 137 84 144 91 2 154 93 159 99 2 134 117 140 124 2 23 130 29 136 2 54 166 60 172 2 96 178 102 184 2
000016005.bmp 87 116 91 121 2 107 82 116 92 2 79 116 85 121 2 76 120 82 125 2
000851008.bmp 79 235 96 247 0
000941007.bmp 130 90 150 126 0 131 57 140 68 2
000886007.bmp 67 19 81 30 0
000832004.bmp 75 73 103 93 0
000337004.bmp 163 148 192 195 1
001053001.bmp 124 31 140 42 2 78 21 102 33 1
000020005.bmp 75 14 101 33 0 112 96 126 109 2
000360002.bmp 146 167 167 192 0
000658010.bmp 99 95 121 120 0 77 42 92 53 2 92 148 100 155 2 148 90 155 97 2
000493006.bmp 75 16 101 34 0 107 62 124 80 2
000387001.bmp 62 39 71 48 2
001053005.bmp 44 48 57 62 2 137 229 150 243 0
001002001.bmp 60 54 73 63 2 94 176 104 182 2
000211009.bmp 84 32 97 41 2
000461001.bmp 50 73 62 85 2
000841004.bmp 74 153 93 164 0
000819004.bmp 81 90 113 111 2 110 204 128 217 0
000411010.bmp 8 98 25 120 0
000506001.bmp 100 29 110 36 2
000327006.bmp 132 36 150 52 0
000051011.bmp 38 149 62 170 0
000203001.bmp 22 64 48 88 0
000804004.bmp 159 134 170 149 2 172 116 185 134 2
001093008.bmp 149 60 163 77 0
000776007.bmp 67 20 80 30 0
000879008.bmp 102 201 118 213 0
000415001.bmp 108 49 130 73 0
000275004.bmp 92 29 110 39 2
000930004.bmp 130 47 152 70 0
000806001.bmp 74 196 91 211 0
000886010.bmp 79 22 90 32 0
000847008.bmp 61 25 81 35 0
000468009.bmp 95 29 108 39 0
000876009.bmp 68 26 81 36 0
000550011.bmp 102 112 112 125 2
000708008.bmp 74 120 85 131 2
000584003.bmp 130 70 138 79 2
000736005.bmp 71 19 91 31 0 124 130 133 140 2
000410004.bmp 102 236 118 251 0
000948002.bmp 81 245 97 257 0
000711002.bmp 64 171 84 183 0
000433009.bmp 107 78 115 85 2
000467009.bmp 84 26 99 36 0
000809010.bmp 29 143 39 150 2 35 149 42 156 2 50 165 64 177 0
000900001.bmp 131 131 145 148 2
000464004.bmp 160 102 180 125 0
000063002.bmp 54 170 77 189 0 121 128 130 137 2
000930002.bmp 179 79 194 95 0
000073005.bmp 81 51 99 71 2 104 34 125 50 0
000136008.bmp 81 176 99 186 0
001026003.bmp 23 87 28 94 2 84 69 106 96 2 80 37 89 47 2 140 149 146 156 2 20 81 26 88 2
001071009.bmp 14 95 29 121 0
000097004.bmp 87 234 99 244 0
000650008.bmp 36 65 46 74 2
000104003.bmp 154 115 171 139 0
000419006.bmp 75 74 108 90 1
000563009.bmp 89 158 97 165 2 130 140 140 153 2
000131002.bmp 75 26 95 39 0
000411008.bmp 62 87 86 112 0
000486001.bmp 112 173 139 195 0
000157001.bmp 105 243 136 268 0
000608007.bmp 58 140 70 152 0
000698001.bmp 71 62 83 71 2
000745005.bmp 51 77 71 93 0
000564009.bmp 69 25 89 37 0
000075008.bmp 61 28 96 48 0
000151009.bmp 164 125 171 136 2
000743005.bmp 65 17 81 28 0
000607003.bmp 100 44 110 52 2
000320007.bmp 100 181 126 200 0
000330011.bmp 62 104 71 112 2 87 81 99 90 2
000211003.bmp 109 138 128 158 0
000354011.bmp 77 40 89 50 2
000486005.bmp 45 182 65 195 0
000552004.bmp 83 203 98 217 0
000108006.bmp 58 20 76 35 1
000759011.bmp 76 30 92 38 0
000413007.bmp 54 157 67 173 2 148 178 160 191 2 150 200 161 210 2 60 91 85 106 0
000683003.bmp 90 200 104 209 0 38 182 46 190 2
000920008.bmp 81 23 104 38 0
001013006.bmp 53 88 62 99 2
001065007.bmp 27 84 41 101 0
000800007.bmp 68 158 82 189 2
000100011.bmp 80 171 99 182 0
000797008.bmp 135 195 150 206 2
000798009.bmp 50 187 70 202 0 122 50 140 67 2
000413004.bmp 112 80 135 99 0 59 85 71 96 2 153 132 162 142 2 54 144 62 153 2 117 183 127 196 2
000034006.bmp 187 123 203 138 2 191 163 200 173 2 203 161 212 172 2 137 107 147 118 2 90 98 98 107 2 91 84 105 99 2 102 74 111 85 2 109 64 119 73 2 110 56 123 68 2 79 117 90 130 2 74 127 86 140 2 190 80 199 90 2
000634006.bmp 81 191 103 204 1
000020003.bmp 86 19 105 35 0
000604011.bmp 31 101 42 113 2 28 120 42 131 2 43 115 55 123 2 60 108 67 117 2 19 76 25 85 2 39 42 53 53 2 71 45 94 62 2 92 103 105 113 2 137 84 148 92 2 150 86 167 97 2 155 115 161 123 2 69 155 76 162 2
000250006.bmp 58 23 75 38 0
000178002.bmp 111 206 127 218 0
000903006.bmp 18 69 31 84 2 173 126 181 141 2
000148010.bmp 56 176 78 196 0
000586005.bmp 94 22 109 37 0
000931001.bmp 82 167 98 175 0
001078006.bmp 80 87 101 103 0
001089009.bmp 150 103 164 126 0
000943006.bmp 77 204 92 213 0
001081001.bmp 16 170 25 182 2 140 65 158 80 0
000327008.bmp 87 29 111 51 0
000544007.bmp 125 79 140 92 2 58 165 70 176 2 65 36 73 44 2 15 146 23 155 2
000062009.bmp 115 180 132 201 2 119 198 142 219 2
000970008.bmp 97 177 116 190 0
001029009.bmp 150 84 170 102 1
000877001.bmp 142 58 165 76 0
001010004.bmp 103 237 120 254 0
000463002.bmp 69 69 91 87 0
000905005.bmp 38 214 58 233 2 32 111 53 129 0
000487004.bmp 43 166 63 182 0
000434002.bmp 76 47 99 71 0
000195006.bmp 123 196 144 214 0
000463001.bmp 83 74 108 90 0 77 115 90 127 2 92 120 102 131 2
000377010.bmp 56 146 82 169 0
001019006.bmp 55 141 62 151 2 37 139 47 149 2 51 209 64 221 2 97 225 109 234 2 160 160 170 170 2 109 63 125 76 0
000870001.bmp 82 208 99 223 0 155 72 162 82 2
000292008.bmp 112 76 142 106 0
000922005.bmp 108 49 118 59 2 163 147 171 157 2
000576005.bmp 50 153 76 169 0
000998008.bmp 59 52 68 60 2
000122011.bmp 103 234 128 250 0 131 124 142 134 2
000153009.bmp 49 148 61 158 2 81 223 100 236 1
001070010.bmp 171 141 180 154 2
000372008.bmp 75 80 101 96 1
000842002.bmp 71 25 87 35 0
000090008.bmp 7 141 24 170 1
001054003.bmp 93 210 105 220 1
000544004.bmp 28 117 41 130 2 77 157 86 167 2 102 144 114 155 2
000924002.bmp 8 80 24 105 0
000900006.bmp 86 108 94 116 2
000798010.bmp 54 191 68 205 0 87 51 107 69 2
001008004.bmp 94 120 111 167 2
000832006.bmp 54 83 70 97 0
000781007.bmp 79 241 103 255 0
000189007.bmp 99 70 130 91 1
000216004.bmp 123 95 145 126 0
000085005.bmp 91 21 106 36 1
000842001.bmp 86 23 101 34 0
000675007.bmp 110 66 131 92 0 105 147 123 162 2
000871010.bmp 101 24 114 34 0
000180010.bmp 98 196 112 211 2 87 206 100 221 0
000955011.bmp 75 187 100 198 0
001040007.bmp 21 109 35 134 0
000787004.bmp 99 54 111 67 2
000976005.bmp 64 238 87 254 1
000030007.bmp 41 151 52 162 2 34 96 43 105 2
000010001.bmp 115 149 140 172 2
000094006.bmp 58 67 88 84 1
000246006.bmp 32 95 42 108 2
001028008.bmp 69 29 88 48 0
000552003.bmp 83 201 102 216 0
000533009.bmp 72 52 78 59 2 127 54 135 61 2 38 154 49 166 2 48 34 57 43 2 58 37 68 48 2 70 38 80 46 2
000882006.bmp 91 32 110 47 0
001076002.bmp 96 52 107 64 2 63 39 78 51 2
000507002.bmp 8 117 30 144 0
000089004.bmp 20 136 30 146 2
000040002.bmp 46 71 71 99 0 63 98 70 105 2 157 86 165 96 2 54 59 61 66 2
000062001.bmp 6 154 28 179 2 123 155 144 175 2 134 173 154 197 2
001109008.bmp 100 175 115 186 0
000501006.bmp 92 95 109 104 2 79 83 98 97 1
000279001.bmp 172 139 190 154 0
001006006.bmp 77 215 94 232 1
000963009.bmp 87 40 102 53 2
000597002.bmp 32 34 49 47 0 142 90 148 96 2
001043004.bmp 71 17 84 29 0
000526009.bmp 96 27 129 48 0
000580010.bmp 76 83 84 93 2
000751003.bmp 71 169 96 181 0
000368011.bmp 84 168 94 174 2
000871006.bmp 47 101 55 109 2
000484005.bmp 53 168 74 181 1 67 51 76 59 2 122 81 136 94 2
000450006.bmp 65 34 102 54 0
000854003.bmp 39 44 49 54 2
000920006.bmp 96 26 117 39 0
000656006.bmp 38 86 44 93 2
001005005.bmp 70 143 93 165 0
000692006.bmp 75 226 91 242 0 28 192 36 202 2
000534011.bmp 60 133 67 140 2 89 53 97 61 2 62 175 81 188 0 28 78 34 84 2
001005003.bmp 151 136 175 158 0
001076005.bmp 83 179 101 194 0
000719002.bmp 118 116 125 125 2
000816008.bmp 72 73 102 87 1
000272008.bmp 95 34 121 53 0
000371005.bmp 95 32 112 49 2
000268009.bmp 104 23 117 34 0
000460003.bmp 62 75 90 89 1
000672008.bmp 117 99 136 114 0
000746007.bmp 81 23 93 31 0
000921004.bmp 90 242 107 257 0
001051005.bmp 105 134 129 156 0
001015008.bmp 73 62 84 72 2 53 119 62 128 2
000223011.bmp 115 81 134 106 0
000551011.bmp 65 26 81 39 0
000999004.bmp 80 21 94 32 0
000052007.bmp 94 128 106 140 2 114 229 124 241 2 30 107 42 122 2 15 137 24 147 2 21 146 30 156 2 20 164 30 176 2 29 155 41 171 2 39 150 50 164 2 50 150 60 163 2 122 206 133 215 2 83 186 92 196 2 129 174 137 183 2
000706010.bmp 36 65 44 73 2
000263011.bmp 33 82 42 91 2
000358003.bmp 144 125 159 141 1
000706001.bmp 39 52 49 60 2
000537010.bmp 85 110 94 119 2
000455005.bmp 83 26 108 42 0
001015004.bmp 64 103 74 114 2 67 115 76 125 2
000750010.bmp 91 22 106 36 1
000605009.bmp 67 22 76 33 0
000604008.bmp 88 85 96 94 2 108 74 118 84 2 103 39 118 54 2 25 113 41 133 2 137 98 150 112 2 134 118 151 132 2 150 112 162 124 2 156 120 165 129 2
000045011.bmp 9 111 19 127 0
001064004.bmp 89 208 103 218 0
000246003.bmp 75 193 98 210 0 55 99 64 107 2 139 88 149 101 2
000690003.bmp 112 138 127 155 2
000779005.bmp 9 75 22 90 1
000816004.bmp 73 242 94 257 0
000486002.bmp 92 177 123 197 0
001069007.bmp 37 127 48 139 2 210 148 221 167 1
000646011.bmp 58 67 66 73 2 33 104 41 111 2 51 127 58 133 2 69 154 82 166 0
000916011.bmp 51 30 71 42 0
000743003.bmp 70 21 86 32 0
001058005.bmp 81 26 93 37 0
000658009.bmp 118 37 134 48 2 155 92 171 116 0 147 145 154 151 2
001046006.bmp 132 82 143 96 2
000700010.bmp 79 251 94 265 0
000059008.bmp 46 160 54 170 2 137 93 145 105 2
000646002.bmp 58 149 76 164 0 98 119 105 127 2 95 92 101 98 2
000632008.bmp 80 28 102 46 0
000144007.bmp 66 195 87 210 0
000288003.bmp 77 24 101 39 0
000621006.bmp 92 188 116 204 0
000183005.bmp 51 85 68 103 0
000246004.bmp 24 112 30 119 2 100 99 114 112 2 67 204 85 216 0
000643004.bmp 143 61 152 72 2 147 70 154 78 2 151 76 159 84 2 73 19 86 31 0
000758002.bmp 111 28 133 46 0
000144006.bmp 80 188 104 206 0
000843009.bmp 79 88 87 94 2 68 137 76 145 2 80 173 87 179 2 81 188 88 194 2 101 179 107 186 2
000864009.bmp 24 129 45 147 0
000563006.bmp 24 60 40 82 0 118 41 129 53 2
000511008.bmp 25 69 36 86 2 74 24 97 36 0
001040008.bmp 9 117 21 134 0
000731002.bmp 122 47 136 57 2
000337006.bmp 42 152 81 200 1 132 223 150 239 2
000360003.bmp 125 183 152 208 0 61 159 72 169 2
000661010.bmp 59 174 84 187 0
000517002.bmp 120 56 144 86 0
000842003.bmp 58 26 80 37 0
001121001.bmp 137 68 144 75 2 59 170 65 177 2
000134008.bmp 72 150 81 162 2 88 144 98 155 2 100 149 110 161 2 85 159 99 172 2 57 162 66 173 2 61 176 73 187 2 46 184 63 197 2 52 175 60 186 2
000112011.bmp 72 159 92 169 0
000605011.bmp 67 23 81 34 0
000359005.bmp 75 220 101 238 0
000080003.bmp 72 17 94 34 0
000617011.bmp 30 44 46 61 0
000964010.bmp 148 47 160 60 1
000250001.bmp 119 32 136 49 0
001075001.bmp 74 157 94 170 0
001126008.bmp 17 149 24 162 2 110 23 131 38 1
000982001.bmp 78 21 100 34 0
000721002.bmp 94 75 114 86 1 126 150 145 170 2 88 202 102 219 2 105 188 120 203 2 119 182 144 218 2 163 149 173 168 2 157 154 166 175 2 144 191 154 204 2 140 202 162 226 2 155 190 165 204 2
000315010.bmp 90 26 114 43 0
000946010.bmp 53 149 67 161 0 31 94 46 115 2 44 46 63 59 2
001087003.bmp 64 223 79 237 0
001129002.bmp 38 64 65 90 0
000603004.bmp 87 240 103 254 1
000021004.bmp 96 16 111 28 0
000127001.bmp 87 221 105 238 0 143 197 151 204 2
000555007.bmp 73 20 88 32 0
000248011.bmp 85 29 101 40 1
000785007.bmp 115 109 132 132 0 140 106 146 115 2
001058002.bmp 87 21 105 33 0
000945002.bmp 75 21 92 33 0
000224009.bmp 74 166 106 188 1
000668007.bmp 84 22 99 33 0 78 46 88 53 2 105 145 115 156 2
000501001.bmp 86 87 100 101 2 66 81 84 100 2
000327007.bmp 112 32 136 53 0
000698005.bmp 107 127 130 152 0
000666001.bmp 96 30 114 42 0
000652010.bmp 96 21 109 30 0
000615002.bmp 58 97 69 108 2 49 123 57 132 2 74 143 89 156 2 77 158 87 167 2 89 154 114 177 2 79 176 91 188 2 81 199 93 210 2 110 122 125 139 2 35 159 54 182 2 62 233 75 244 2 44 131 71 167 2 58 107 83 133 2 80 86 95 100 2 96 100 106 109 2 84 107 97 119 2 131 208 142 220 2 162 168 176 179 2 176 170 184 179 2 155 180 165 190 2 155 189 166 201 2 173 183 189 202 2 175 213 188 230 2 185 132 197 143 2
000339008.bmp 101 192 117 203 0
000893001.bmp 47 165 55 173 2 61 192 72 203 2 59 214 71 224 2
000367005.bmp 97 19 117 30 1
000825011.bmp 128 92 139 109 0
000919006.bmp 90 159 117 186 0
000270003.bmp 91 22 115 39 0 85 65 92 73 2 54 117 61 125 2 55 144 64 152 2 74 152 80 160 2 114 127 124 136 2
000434004.bmp 19 45 34 67 0
000416006.bmp 100 143 115 157 2 83 227 98 240 2
000485010.bmp 66 178 79 189 0 61 75 68 83 2 78 52 84 60 2 95 69 101 76 2
000198003.bmp 78 219 96 232 0
000604007.bmp 146 161 153 169 2 123 37 139 50 2 163 94 172 107 2 162 111 177 126 2 54 110 74 131 2 125 81 133 89 2
000607008.bmp 52 34 60 41 2
000343004.bmp 99 202 109 210 2 22 102 32 113 2
000097006.bmp 80 231 91 240 0
000426006.bmp 87 181 100 192 0
000063004.bmp 90 22 113 39 1 62 129 72 141 2
000742001.bmp 119 25 142 43 0
000446003.bmp 81 175 98 184 0
000025003.bmp 92 20 111 34 1 97 149 106 157 2
000140007.bmp 66 19 80 32 0
000616011.bmp 128 83 135 89 2
000979005.bmp 94 228 108 241 0
000132010.bmp 85 18 101 33 1
000814003.bmp 147 107 173 132 0
000014001.bmp 71 183 99 206 0
000156007.bmp 67 163 86 174 2
000577011.bmp 97 243 137 261 1 160 218 178 233 2 111 104 120 113 2
000144002.bmp 74 21 91 34 1
001039003.bmp 75 24 93 40 0 88 93 104 108 2 91 157 105 171 2 112 178 128 192 2
000435001.bmp 98 225 122 245 0
000201009.bmp 39 92 60 112 2
000651008.bmp 146 164 153 172 2
000404007.bmp 114 165 157 207 1
001006004.bmp 96 225 121 241 1
001133009.bmp 67 206 79 217 0
000061006.bmp 107 28 120 41 2
001107008.bmp 16 152 26 167 2 83 25 103 38 0
000263006.bmp 64 76 88 100 0
000045002.bmp 93 84 110 99 2
000358004.bmp 115 126 129 139 2
000084003.bmp 62 22 85 39 0
000937005.bmp 69 204 82 218 1 105 19 117 29 0
000198002.bmp 81 217 97 231 0
000500002.bmp 195 135 209 165 0
001024009.bmp 100 66 108 74 2
000279010.bmp 129 43 144 61 1
001113007.bmp 58 141 76 157 0
000053003.bmp 64 29 87 45 0
000972011.bmp 116 26 129 36 0
000611009.bmp 63 182 86 201 0
000035003.bmp 112 32 135 54 0
000487007.bmp 98 42 110 52 2
000413003.bmp 82 94 98 108 2 122 88 140 106 0 160 195 167 204 2
000176003.bmp 95 18 110 32 0
001028005.bmp 111 22 126 37 0
001007001.bmp 57 22 80 38 0 53 37 62 47 2
000534002.bmp 61 170 81 184 0 86 49 96 58 2 57 129 64 135 2
000738009.bmp 75 167 96 179 0
000452011.bmp 114 77 129 99 0
001018010.bmp 156 78 170 111 0
000506007.bmp 53 54 63 66 2 35 43 45 54 2 94 170 116 185 0 133 144 140 151 2
000358008.bmp 142 52 163 80 0
000634002.bmp 58 39 74 53 0
000863007.bmp 104 177 121 190 0
001063011.bmp 140 52 149 62 2
000114005.bmp 86 77 111 94 0 165 124 178 143 2
000355009.bmp 136 140 157 167 0
000058001.bmp 5 103 26 144 1
000967011.bmp 87 197 106 209 0
000732002.bmp 116 243 131 255 0
000653005.bmp 68 174 78 181 2 70 182 77 189 2
000872002.bmp 137 150 149 162 2
000879011.bmp 87 208 99 218 0
001112008.bmp 151 120 165 134 2 91 108 101 116 2 173 90 180 99 2 148 75 156 82 2 168 73 174 80 2 178 105 186 116 2
000526005.bmp 79 165 90 172 2
000289009.bmp 84 265 105 285 0
000050002.bmp 58 30 73 39 2
001060005.bmp 80 17 94 27 0
000970011.bmp 68 180 92 195 0
000054001.bmp 70 227 87 240 1
000519010.bmp 136 96 142 103 2
000655003.bmp 25 207 37 216 2
001002007.bmp 77 20 96 35 0
000550002.bmp 73 131 86 141 2
001112007.bmp 122 112 133 124 2 172 123 185 136 2 182 93 188 101 2
000561008.bmp 66 53 77 67 2 65 71 78 85 2 51 117 63 133 2 48 157 57 166 2 75 211 87 224 2 108 214 121 225 2 70 29 86 41 0
000328001.bmp 74 26 100 39 0
000578004.bmp 145 151 156 163 2 120 134 134 148 2 141 111 150 118 2 146 72 156 83 2 100 162 109 171 2
001015002.bmp 134 106 144 115 2 138 116 146 125 2
000891008.bmp 69 36 78 43 2
000667007.bmp 82 201 96 212 0
000346004.bmp 97 177 119 193 0
000650002.bmp 144 50 154 61 2
000927006.bmp 137 124 150 144 0
000061008.bmp 71 28 80 37 2
001049010.bmp 122 22 138 35 1
000775007.bmp 108 86 132 112 0 19 88 31 100 2 112 60 120 67 2
001046011.bmp 133 84 152 115 0
000476009.bmp 130 73 147 92 1
000546002.bmp 7 120 18 133 0 173 80 185 95 1
000052006.bmp 72 111 84 125 2 57 140 71 155 2 70 152 81 162 2 69 169 81 182 2 85 161 101 179 2 99 147 111 158 2 101 159 109 170 2 110 157 120 168 2 143 135 157 147 2
001005010.bmp 206 79 220 98 0
000074004.bmp 107 125 120 136 2
000767004.bmp 75 188 86 197 0
000979010.bmp 95 229 109 240 0
000194008.bmp 145 151 156 163 2
000492004.bmp 51 238 75 260 1
000967009.bmp 95 195 108 204 0
000219007.bmp 161 174 181 195 0
000722007.bmp 90 152 108 162 0
000717010.bmp 54 80 62 89 2
000055007.bmp 97 19 108 28 0 73 166 92 181 1
000485011.bmp 47 51 54 58 2 55 69 63 76 2 70 177 84 188 0
000786010.bmp 68 185 83 195 0
000877010.bmp 41 62 63 81 0
000467006.bmp 78 20 92 32 0
000944004.bmp 58 46 67 55 2 65 43 77 51 2 47 36 53 42 2 99 49 107 58 2 113 65 121 72 2 121 73 127 80 2 72 53 80 60 2 90 58 98 65 2 98 71 104 77 2 136 73 142 79 2
000666011.bmp 91 33 108 43 0
000511009.bmp 68 22 91 35 0
000810007.bmp 68 27 88 39 0 58 79 64 86 2 56 88 62 94 2 64 96 70 102 2 71 98 77 104 2 50 110 55 116 2 78 70 84 77 2 57 72 62 78 2 87 86 92 92 2 30 79 36 85 2 46 96 51 102 2
000068008.bmp 127 42 145 62 1
000288004.bmp 66 22 89 36 0
000924005.bmp 81 98 90 107 2
000546004.bmp 122 83 135 99 2
000765010.bmp 153 30 181 53 1
001066006.bmp 73 43 99 63 0
000898005.bmp 117 28 137 45 0
000779002.bmp 127 79 140 92 2
000959004.bmp 64 24 83 44 0
000828005.bmp 31 107 48 128 0
000533010.bmp 40 55 46 61 2 130 164 142 177 0
000327010.bmp 38 38 59 57 0
000355006.bmp 97 181 114 200 1
001023006.bmp 143 150 154 163 2 149 155 160 166 2 168 101 177 113 2 173 141 183 151 2 164 146 173 155 2
000616003.bmp 77 76 85 84 2
000873009.bmp 110 50 121 60 2 131 107 138 120 2
000272004.bmp 68 141 80 154 2
000112004.bmp 65 156 81 165 0
000866009.bmp 111 49 119 58 2 131 105 140 120 2
000437005.bmp 84 165 96 177 0
000005002.bmp 112 185 127 199 0
000424004.bmp 80 23 97 34 0
000964004.bmp 126 145 144 164 0
000005001.bmp 114 189 125 202 0
000952004.bmp 89 23 106 39 0
000050010.bmp 34 168 53 186 0
000534008.bmp 68 172 88 187 0
000944001.bmp 68 162 82 174 0 65 39 76 47 2 33 83 40 91 2 84 33 97 45 2 79 22 92 29 2 103 132 109 138 2
000044002.bmp 77 196 93 210 0
001023009.bmp 45 149 56 162 2 53 156 63 164 2 66 144 74 151 2 84 137 97 148 2 70 95 84 112 2
000379009.bmp 109 33 126 52 1
000850003.bmp 46 47 56 55 2
000098001.bmp 100 232 122 251 0
000587005.bmp 77 20 92 29 0
000473011.bmp 80 22 103 40 0
000530010.bmp 153 171 169 189 2 86 28 107 45 0
000803001.bmp 139 218 166 240 0
000845010.bmp 54 31 63 40 2
000636003.bmp 97 183 113 194 0
000987010.bmp 86 24 105 37 0
000814002.bmp 185 110 203 133 0
000358006.bmp 38 117 50 131 2
000430005.bmp 85 173 108 184 0
000148008.bmp 95 173 121 192 0
000637006.bmp 26 143 39 155 2
000060005.bmp 105 26 114 34 2
000422005.bmp 19 174 44 206 2 105 228 118 238 2 97 238 119 250 0 18 173 43 206 0 18 173 43 206 2 67 224 77 233 2 96 239 119 251 0
000743006.bmp 68 20 86 29 0
000606003.bmp 133 94 141 104 2 59 168 69 178 0
000120003.bmp 39 27 62 43 0
000904007.bmp 60 23 77 35 0
000545006.bmp 68 165 82 179 0 32 132 42 141 2
000721005.bmp 18 117 35 137 2 9 140 22 157 2 98 202 110 214 2 60 164 68 173 2
000390003.bmp 131 74 150 98 0
000508011.bmp 37 152 55 171 2 69 172 97 185 0
000480008.bmp 34 100 45 111 2
000727010.bmp 79 209 105 227 0
000414005.bmp 42 33 65 52 0
000191011.bmp 59 93 86 120 0
000443002.bmp 64 24 90 38 0
000404004.bmp 26 141 47 171 0
000148002.bmp 86 30 102 42 2
000053008.bmp 101 208 117 221 1
000660010.bmp 67 25 81 38 0
000221007.bmp 77 16 95 29 0
000923002.bmp 32 156 40 169 2
000352008.bmp 156 125 169 140 2 114 76 129 89 0 179 139 190 154 2
000259009.bmp 87 57 95 64 2
000551007.bmp 84 20 108 34 0
000508001.bmp 58 166 84 180 0 25 139 43 159 2
001045011.bmp 94 23 113 37 0
000396008.bmp 92 170 104 181 2
000500003.bmp 186 140 207 172 0
000901008.bmp 85 24 108 45 0
000545008.bmp 102 128 111 136 2 61 165 77 178 0
000200009.bmp 87 15 106 30 1
000125002.bmp 36 103 46 115 2
001087006.bmp 130 156 138 164 2
000895001.bmp 132 120 141 131 2
000270002.bmp 87 113 95 123 2 147 125 156 134 2 148 185 156 196 2 93 23 117 38 0
000320006.bmp 131 161 155 185 0
000444006.bmp 89 174 99 183 2
000287004.bmp 81 166 102 180 0
000125011.bmp 13 105 30 124 1
000122005.bmp 88 22 107 35 1 102 36 119 50 2 114 184 130 197 2
000177009.bmp 196 169 213 195 1
000598008.bmp 70 162 86 171 0 56 152 62 159 2 111 81 118 88 2
000020007.bmp 35 100 46 113 2 141 111 149 119 2 72 19 91 31 0
000355007.bmp 39 173 56 193 1
000163008.bmp 78 187 102 205 0
000322011.bmp 121 244 141 264 0
000336007.bmp 36 128 45 138 2 77 164 99 178 0
000272003.bmp 106 143 116 155 2
000695005.bmp 100 161 113 173 2
000247006.bmp 71 21 84 31 0
001041002.bmp 100 26 120 38 0
001076007.bmp 57 180 75 192 0
000749010.bmp 89 40 98 48 2
000097005.bmp 82 232 97 242 0
001117005.bmp 73 204 85 217 0 124 65 135 75 2
000229008.bmp 110 81 134 101 0
000465011.bmp 38 65 62 99 0
000251003.bmp 70 20 95 35 0
000271008.bmp 51 26 73 39 0
000208005.bmp 176 93 186 103 2
000611001.bmp 70 35 83 45 2
000656005.bmp 86 86 96 93 2
000384009.bmp 145 90 153 99 2
000368006.bmp 80 24 98 37 0
000863009.bmp 80 178 99 193 0
000114003.bmp 55 116 68 129 2
000994011.bmp 34 143 51 162 0
000700008.bmp 75 250 99 265 0
000596001.bmp 63 128 75 139 2
000452001.bmp 21 84 29 93 2
000562009.bmp 109 67 117 74 2 122 39 130 46 2 161 157 168 166 2 178 163 187 172 2 160 199 167 207 2 143 75 150 82 2 101 29 111 36 2
000848008.bmp 75 79 83 88 2 110 74 132 89 0
000248008.bmp 54 175 72 188 0
000810006.bmp 80 22 100 34 0 96 73 102 80 2 115 66 120 72 2 95 81 100 88 2 109 92 116 99 2 96 111 102 118 2 49 93 54 99 2 47 99 52 105 2 75 69 80 75 2 79 99 84 105 2
000768005.bmp 88 156 97 165 2
000380011.bmp 51 24 75 37 0
000901006.bmp 109 23 128 40 0
000319011.bmp 99 32 114 43 2
000045010.bmp 18 102 34 130 0
000536011.bmp 104 174 128 190 0
000062002.bmp 62 156 82 176 2 75 176 94 196 2
000422007.bmp 77 190 84 200 2 89 171 99 180 2 52 227 72 242 0
000711004.bmp 93 22 106 34 1
000780001.bmp 88 65 101 78 2 88 82 104 94 2
000167005.bmp 88 44 112 61 0
001005001.bmp 197 143 215 163 0
000661009.bmp 66 177 87 191 0 73 38 80 45 2 79 87 86 93 2
000665002.bmp 128 61 145 78 0
000659008.bmp 82 241 100 255 1
000736003.bmp 42 161 50 170 2 92 27 104 39 0
000737006.bmp 76 225 97 239 0
000178001.bmp 122 191 142 208 0
000148003.bmp 70 29 85 43 2
000603007.bmp 129 119 136 127 2
000064010.bmp 77 21 92 31 0
000449001.bmp 63 28 83 43 0
000887011.bmp 149 41 160 53 1 41 190 53 201 0
000476011.bmp 63 77 75 90 2
001043002.bmp 23 81 29 89 2 80 18 91 30 0
000700002.bmp 93 37 134 58 1
001015005.bmp 31 101 40 110 2 31 113 39 122 2 158 71 165 79 2 157 125 166 134 2
000709002.bmp 39 77 50 92 2 41 66 50 76 2 47 61 54 69 2 70 47 78 56 2 32 101 42 110 2
000842011.bmp 73 29 98 44 0
000961006.bmp 71 25 90 38 0
000859002.bmp 82 17 97 30 0 19 87 26 94 2
000860006.bmp 38 32 71 47 1
000981001.bmp 82 25 94 32 2
000490004.bmp 72 26 85 33 2
000088007.bmp 103 29 115 38 2
000507001.bmp 27 119 53 149 0
000921001.bmp 110 239 131 255 0
000738010.bmp 58 166 81 177 0
000458007.bmp 157 93 166 108 0
000810005.bmp 88 24 107 35 0 128 76 133 82 2 87 102 92 108 2 80 115 86 121 2 119 93 125 99 2 137 67 143 74 2
000278011.bmp 103 197 117 209 1
000854010.bmp 32 158 48 179 0
000517008.bmp 126 133 138 147 2
000661006.bmp 96 71 107 81 2 106 76 117 88 2 33 66 45 80 2 56 90 64 99 2
000133004.bmp 78 19 102 38 0
000521011.bmp 48 196 62 206 2
000805009.bmp 73 176 88 192 0
000835008.bmp 113 22 136 45 0
000552002.bmp 89 197 109 216 0
000572003.bmp 62 24 85 35 0
000140004.bmp 74 21 87 30 0
000416004.bmp 69 241 92 253 0
000350008.bmp 34 95 44 109 2
000859008.bmp 76 24 88 35 0
000605008.bmp 67 22 81 35 0
000365001.bmp 92 175 105 184 2
001099008.bmp 50 53 61 63 2
000805005.bmp 112 45 128 60 2 90 26 115 42 2
000780003.bmp 33 75 44 86 2 30 92 42 102 2 112 218 143 238 1
000455004.bmp 103 22 131 40 0
000580007.bmp 19 74 37 100 0
001040006.bmp 44 111 68 134 0
000944010.bmp 74 163 90 174 0 84 86 91 93 2 96 41 106 47 2 105 34 118 43 2 39 46 45 52 2 46 100 51 106 2 27 56 34 63 2 83 37 89 43 2
000751011.bmp 81 172 103 179 0
000860005.bmp 57 27 86 46 1
001000010.bmp 99 182 112 191 0
000238001.bmp 95 88 107 101 2 96 65 102 74 2 106 69 114 78 2 87 79 94 88 2
000078009.bmp 53 24 82 42 0 17 135 25 144 2 27 64 35 72 2
000588001.bmp 125 28 141 45 0
000275007.bmp 49 24 71 40 1
000399011.bmp 87 186 106 204 1
000122006.bmp 79 183 92 196 2 81 34 94 47 2 74 23 104 35 1
000096008.bmp 17 100 37 127 0
000642006.bmp 152 149 164 161 2
000709003.bmp 21 73 31 87 2 49 42 57 51 2
000559005.bmp 60 112 68 120 2
000665009.bmp 41 122 49 130 2
000262002.bmp 77 247 98 259 0 91 106 101 115 2 122 93 134 104 2 173 128 186 141 2 81 146 92 155 2 52 168 60 177 2 54 189 72 208 2 156 227 167 237 2 142 171 152 181 2 110 163 122 175 2 99 157 112 166 2 60 150 82 174 2 89 74 103 86 2 110 76 125 90 2 128 78 139 88 2
000144008.bmp 56 197 80 212 0
000559009.bmp 88 57 111 82 0
000365007.bmp 69 26 101 44 0
000120011.bmp 46 25 69 44 0
000515001.bmp 57 24 77 38 0
000636006.bmp 77 182 98 193 0
000739009.bmp 133 68 147 80 2
000847006.bmp 74 22 92 34 0
000385011.bmp 80 154 92 163 1
000877011.bmp 31 64 51 81 0
000573002.bmp 71 24 81 30 2 40 104 48 114 2 92 120 101 129 2 101 121 109 130 2
001121005.bmp 90 128 96 136 2 117 132 125 141 2 79 63 86 70 2 53 88 58 95 2 109 87 115 94 2 99 68 106 76 2 65 118 71 125 2 68 64 77 72 2
001081006.bmp 66 44 89 59 0 145 153 159 168 2 144 175 154 184 2 25 171 32 180 2 74 172 87 184 2 85 189 102 200 2 104 206 118 216 2 125 203 135 212 2 107 215 117 223 2 118 190 125 198 2 44 178 54 187 2 39 196 53 209 2 71 218 85 227 2 59 184 68 192 2
000989003.bmp 81 159 93 168 0
000127003.bmp 72 216 91 236 0 90 187 98 195 2
000016006.bmp 60 86 70 96 2 48 120 53 126 2
000775009.bmp 29 88 50 114 0
000636004.bmp 91 184 109 195 0
000083011.bmp 48 38 69 52 2 28 75 37 83 2
000174005.bmp 160 195 171 208 2
000873006.bmp 59 166 79 178 0
000869007.bmp 86 20 107 39 0 50 76 57 86 2 95 95 105 104 2 61 183 73 196 2 60 197 87 212 2 87 189 102 202 2 29 170 40 182 2 133 204 155 228 2
000930008.bmp 58 18 75 31 0
000034005.bmp 125 89 136 100 2 131 70 147 87 2 116 120 128 129 2 112 130 126 144 2 169 111 178 122 2 202 123 215 138 2
000805008.bmp 74 177 98 193 0 25 47 36 61 2
000396003.bmp 60 34 86 53 0
000072008.bmp 73 97 88 116 1
000755002.bmp 55 53 86 82 0
000756004.bmp 79 24 104 44 0
000845008.bmp 96 30 108 38 2
000907008.bmp 25 169 34 179 2
000362008.bmp 71 17 84 27 0
000405001.bmp 104 170 119 183 0
000291001.bmp 58 22 80 33 0
000379002.bmp 40 39 56 53 2
000036002.bmp 72 18 93 31 0
000954004.bmp 135 94 147 112 0
001038008.bmp 90 22 105 36 1
000652003.bmp 93 202 103 211 2
000695006.bmp 71 166 84 176 2
000758011.bmp 73 177 85 187 2
000716005.bmp 38 81 50 94 2 100 143 110 154 2 64 221 87 240 0
000736001.bmp 108 174 117 181 2
000845009.bmp 71 31 81 40 2
000972002.bmp 97 29 114 41 0
000219004.bmp 72 68 87 84 2
000489008.bmp 72 230 91 245 1
000677009.bmp 87 189 100 199 0
000651002.bmp 66 31 85 43 0 16 109 21 116 2
000923004.bmp 49 121 57 129 2
000895009.bmp 26 86 48 109 0
001021011.bmp 66 29 74 34 2
000810004.bmp 113 95 119 102 2 92 61 97 67 2 80 51 86 58 2 123 108 128 114 2
000590003.bmp 108 145 134 173 1 145 114 159 124 2 35 182 55 206 2 32 208 55 233 2
000589003.bmp 20 39 38 54 0
000936003.bmp 14 141 26 153 2 86 33 93 40 2 83 215 102 229 0
000269005.bmp 60 161 80 174 0
000422002.bmp 125 160 138 175 2 126 177 141 190 2 106 196 118 209 2
000734004.bmp 25 75 32 82 2 87 188 97 196 2
000200002.bmp 84 207 103 221 0
000238006.bmp 82 22 117 37 1
000823003.bmp 77 15 98 30 0
000522006.bmp 70 26 94 40 0
001093002.bmp 25 61 45 78 0
000432003.bmp 120 55 133 67 0
000335006.bmp 56 85 69 100 2 141 113 148 121 2
000299005.bmp 79 18 107 36 0
000447007.bmp 97 187 112 198 0
000787006.bmp 37 68 52 81 2
000126002.bmp 77 159 95 173 1
000360004.bmp 25 179 33 187 2 94 198 126 224 0
001122004.bmp 83 244 102 261 0
000610010.bmp 130 44 137 51 2
000939010.bmp 89 22 101 34 0
000679009.bmp 70 20 92 31 0
000688004.bmp 15 132 34 159 0 145 132 155 146 2
000528006.bmp 30 78 38 86 2
000573011.bmp 25 112 32 122 2 33 146 41 154 2 65 30 71 36 2 70 22 79 28 0 72 132 82 141 2 82 133 90 141 2
001051004.bmp 126 135 145 152 0
001030005.bmp 97 171 112 184 0
001016008.bmp 99 161 109 171 2 40 96 66 124 2 16 139 28 154 2 19 109 29 119 2 16 177 24 187 2 24 192 42 209 2
000813002.bmp 72 27 100 44 0 127 109 138 117 2
000456007.bmp 124 107 149 137 0
000482010.bmp 68 20 80 28 0 71 126 77 132 2
000662010.bmp 62 159 75 167 0
000089002.bmp 78 139 86 148 2
001029008.bmp 196 72 213 90 1
000687009.bmp 55 145 72 157 0
000679008.bmp 79 18 97 29 0
000819006.bmp 98 215 114 228 0 20 105 45 127 2
000262006.bmp 118 169 133 186 2 131 162 140 171 2 92 145 114 169 2 102 70 127 82 2 93 61 115 74 1 140 234 150 243 2 136 127 147 138 2 172 142 186 164 2 38 228 47 238 2
000737007.bmp 56 231 78 247 0
000939005.bmp 70 21 89 33 0 83 179 98 189 1
000681003.bmp 55 167 71 179 0
001017011.bmp 63 184 85 197 0
000485003.bmp 86 178 100 190 0 70 25 79 33 2
000148004.bmp 61 29 75 41 2
000051004.bmp 81 37 93 47 2
000730008.bmp 48 33 70 47 0
000046010.bmp 57 38 68 45 2
000087003.bmp 76 247 101 265 1
000458008.bmp 138 88 155 107 0
000939002.bmp 103 21 114 32 0
001045003.bmp 65 21 83 31 0
000353010.bmp 53 137 74 151 0
000788006.bmp 74 24 96 39 0
000294002.bmp 58 17 91 32 1
000456008.bmp 83 119 114 147 0
000556004.bmp 44 154 52 163 2
000814009.bmp 179 106 189 122 1
000044003.bmp 71 193 93 208 0
000567003.bmp 36 128 59 146 0
001106010.bmp 87 207 100 217 0
000049005.bmp 114 20 133 36 0 103 147 115 163 2
000946001.bmp 17 100 25 112 2 93 96 110 115 2 103 52 118 61 2 84 46 92 53 2 57 150 81 161 0
000553011.bmp 53 48 72 66 2 64 29 82 42 0 119 142 132 156 2 132 146 142 154 2
000974004.bmp 70 156 87 169 0
000719011.bmp 139 108 151 126 1
000050009.bmp 46 166 66 184 0
000658004.bmp 30 85 50 104 1
000455006.bmp 66 31 86 44 0
000105007.bmp 91 210 114 224 0
000154005.bmp 72 60 95 83 0
000353008.bmp 57 39 71 52 2 59 137 77 154 0 57 21 72 33 1
000678001.bmp 146 122 156 131 2
000247011.bmp 72 21 85 32 0
000866010.bmp 92 105 110 122 2 67 49 78 60 2
001010010.bmp 54 153 65 163 2
000003005.bmp 134 176 149 194 2 154 77 166 93 2
000074006.bmp 36 119 49 133 2
000293007.bmp 66 234 84 247 0
001082003.bmp 150 73 159 83 2
000153008.bmp 86 144 97 155 2
001007002.bmp 49 26 64 38 0
000132005.bmp 103 177 119 190 0
000860007.bmp 34 34 59 48 1
000867001.bmp 23 45 39 56 0
000547007.bmp 40 69 48 79 2 152 147 160 154 2
000194006.bmp 75 20 99 32 1
000390006.bmp 20 70 37 93 0
000390002.bmp 7 96 21 113 1
001070001.bmp 35 147 46 160 2 154 54 160 61 2 40 133 46 140 2
000418010.bmp 77 59 83 67 2
