000998006.bmp 133 59 141 70 1
000373007.bmp 78 68 87 77 2 79 20 98 32 0
000433010.bmp 58 73 66 82 2
001063011.bmp 140 52 149 62 2
000982001.bmp 78 21 100 34 0
000548001.bmp 74 57 88 66 2
000577010.bmp 146 97 155 106 2 167 136 177 145 2 139 74 146 83 2 171 217 181 229 2 106 239 138 256 1
000204001.bmp 23 174 32 184 2
000011006.bmp 129 29 149 50 0
000999006.bmp 74 20 83 29 0
001016010.bmp 22 157 30 169 2
000433002.bmp 24 67 31 75 2
000295007.bmp 91 177 110 192 0
000201003.bmp 73 208 99 235 0
000948002.bmp 81 245 97 257 0
000723004.bmp 67 176 95 191 0
000739003.bmp 139 119 157 148 0
000822011.bmp 146 139 160 157 1
000187001.bmp 73 23 93 40 0
000097006.bmp 80 231 91 240 0
000701011.bmp 84 89 90 96 2 59 179 75 191 0
000119001.bmp 138 55 168 75 1
000318004.bmp 102 19 128 37 1
000092005.bmp 52 17 73 35 0
000613006.bmp 76 19 100 33 1
000982011.bmp 76 25 99 43 0
000937011.bmp 118 207 133 221 1 80 26 93 38 0
000579011.bmp 88 116 95 123 2
000744002.bmp 63 20 82 29 0
000343002.bmp 39 94 47 104 2 63 103 73 115 2 93 95 104 105 2
000473005.bmp 107 196 115 203 2
000472004.bmp 50 105 60 114 2
000897001.bmp 103 61 119 74 0
000744007.bmp 107 52 114 58 2
000815010.bmp 75 137 98 155 0
000133002.bmp 99 22 119 37 0
000548005.bmp 90 52 97 59 2
000223004.bmp 12 70 29 95 0
000126011.bmp 33 107 40 115 2
000393007.bmp 74 246 95 263 0
000179007.bmp 118 138 134 159 0
000789004.bmp 80 191 99 204 0
001007009.bmp 78 19 98 31 0
000736010.bmp 127 155 134 163 2
000475010.bmp 86 18 105 33 0
000619007.bmp 89 222 107 236 0
000717002.bmp 30 86 41 98 2
000610002.bmp 77 181 99 196 0 149 104 157 114 2
001085004.bmp 135 66 141 73 2
000952005.bmp 73 18 94 34 0
000002011.bmp 138 170 150 182 2
000829011.bmp 47 155 55 163 2 66 36 72 43 2
000178002.bmp 111 206 127 218 0
000645005.bmp 23 53 37 66 0
000331003.bmp 79 191 96 205 1
001117003.bmp 78 194 95 211 0
000552003.bmp 83 201 102 216 0
001037004.bmp 115 234 136 248 0
000146005.bmp 89 56 112 71 2
000097003.bmp 94 231 106 240 0
000601005.bmp 125 73 140 96 0
000924011.bmp 76 107 101 138 0
000079007.bmp 92 247 116 262 0 133 169 145 182 2
000916008.bmp 89 27 110 42 0
000275006.bmp 66 26 83 37 1
000617005.bmp 47 141 61 154 1
000729009.bmp 55 192 65 205 2 18 192 30 211 2 19 212 30 228 2 102 256 124 268 0
000384011.bmp 61 96 72 107 1
000875005.bmp 88 21 112 37 0
001037006.bmp 68 234 87 249 0
000455006.bmp 66 31 86 44 0
000804010.bmp 92 214 108 224 0 39 90 48 99 2 13 111 20 126 2
001002006.bmp 93 20 116 34 0
000091004.bmp 168 91 180 107 2 162 107 169 114 2
000282011.bmp 74 21 108 41 1 46 178 59 190 2
000970009.bmp 79 173 107 191 0
000436001.bmp 115 107 131 121 1
000809007.bmp 72 39 80 46 2 70 62 76 69 2 68 72 75 79 2 118 123 123 132 2 121 127 127 134 2 130 139 136 145 2 125 145 136 153 2 122 152 128 159 2 102 167 117 179 0
001122010.bmp 174 125 181 133 2
000514003.bmp 42 71 48 77 2 34 75 42 82 2 18 105 24 111 2 50 125 56 132 2 155 105 163 111 2 85 194 99 206 0
000090002.bmp 100 131 127 158 0 104 81 114 92 2 147 95 166 114 2 138 96 149 106 2
000726006.bmp 96 35 116 47 1
000267002.bmp 94 20 117 36 0
000068010.bmp 77 60 88 71 2
000361005.bmp 80 217 109 239 0
000056001.bmp 42 77 58 92 1
000945001.bmp 81 25 101 42 0
000500006.bmp 50 180 85 209 0
000248011.bmp 85 29 101 40 1
000537004.bmp 75 99 105 128 0
000985009.bmp 72 146 86 158 2 73 121 83 132 2 69 135 79 146 2 49 157 58 167 2 110 22 134 35 1
000112005.bmp 61 149 82 163 0
000892004.bmp 79 68 87 76 2
000444002.bmp 22 82 35 99 2 32 32 54 52 0
000821002.bmp 30 68 41 80 1
000226001.bmp 65 24 86 39 0
000650006.bmp 46 51 59 60 2 96 66 108 75 2
000235009.bmp 53 162 71 176 0
000100011.bmp 80 171 99 182 0
001107008.bmp 16 152 26 167 2 83 25 103 38 0
001010005.bmp 96 243 111 257 0
000315010.bmp 90 26 114 43 0
000246004.bmp 24 112 30 119 2 100 99 114 112 2 67 204 85 216 0
000131001.bmp 76 25 100 42 0
000634001.bmp 65 35 90 52 0
000960009.bmp 70 28 92 39 0
000936008.bmp 141 69 150 78 2
000694002.bmp 56 26 74 43 0
001050004.bmp 64 172 87 184 0
000262007.bmp 80 65 108 79 2 84 57 101 68 1 34 135 52 158 2 53 160 69 175 2 76 117 86 129 2 148 124 159 136 2 168 146 178 156 2 141 138 150 148 2 125 134 141 157 2 116 160 127 170 2 96 228 107 237 2
001002001.bmp 60 54 73 63 2 94 176 104 182 1
000956009.bmp 110 29 121 39 1
001009004.bmp 56 77 80 91 1
000400003.bmp 69 20 99 37 0
000744011.bmp 71 21 92 33 0
000900004.bmp 35 133 45 148 2 159 111 168 120 2
000221007.bmp 77 16 95 29 0
001107001.bmp 165 121 174 132 2
000595004.bmp 101 201 117 219 0
000063003.bmp 94 124 105 135 2
000814005.bmp 56 114 78 141 0
000570002.bmp 96 26 106 37 0
000024008.bmp 43 175 81 215 2
000873006.bmp 59 166 79 178 0
001012005.bmp 112 198 129 211 0
000994004.bmp 79 48 90 60 1
000854006.bmp 130 167 139 176 0
000923007.bmp 107 22 120 32 0
000532004.bmp 78 192 92 201 0
000804005.bmp 132 141 146 155 2 155 121 171 139 2 135 102 142 111 2 139 110 148 117 2 135 165 143 173 2 128 173 136 180 2 120 176 130 184 2
000215008.bmp 36 27 51 39 0
000675001.bmp 95 88 113 106 1
000058005.bmp 157 111 179 139 0
000656002.bmp 25 77 45 101 0 75 25 89 33 2
000860006.bmp 38 32 71 47 1
000756001.bmp 103 27 123 42 0
000379004.bmp 113 145 129 160 0
000765005.bmp 60 244 85 261 0 155 103 165 113 2
001102005.bmp 84 21 103 38 0
000138002.bmp 61 170 77 189 1
000869008.bmp 60 85 73 102 2 58 186 72 200 2 37 194 61 207 2 35 181 44 191 2 113 202 141 225 2 84 20 101 31 0
000347001.bmp 173 95 195 123 0
000190010.bmp 99 164 108 175 2
000542007.bmp 85 27 106 41 0
000734003.bmp 30 79 38 88 2
000859005.bmp 70 19 83 31 0
000242011.bmp 104 30 126 47 0
000156005.bmp 101 154 122 170 1
000374006.bmp 80 18 104 34 0
000829010.bmp 79 157 86 164 2
000018008.bmp 22 92 33 104 2 30 174 41 187 2 76 156 91 171 2 94 24 115 39 0
000670003.bmp 19 50 31 65 1 128 113 144 130 0
000606008.bmp 24 98 31 105 2 71 50 79 57 2
000420004.bmp 19 129 27 138 2 25 97 34 106 2 33 161 40 170 2 130 145 152 171 2
000291001.bmp 58 22 80 33 0
000625005.bmp 59 26 82 39 0
001055001.bmp 40 45 47 51 2
000064009.bmp 78 20 94 31 0
001026010.bmp 84 192 103 204 0
000085002.bmp 43 174 61 192 0
000250011.bmp 92 200 107 210 1
000420009.bmp 72 201 89 214 0
000248005.bmp 82 171 103 187 0
000981009.bmp 49 182 67 194 0
000895010.bmp 7 87 21 109 0
000396005.bmp 23 41 48 60 0
000065009.bmp 75 19 103 38 0
000774001.bmp 8 101 21 120 0
000431001.bmp 183 122 195 151 0
000681003.bmp 55 167 71 179 0
000589004.bmp 117 114 136 134 1
000085005.bmp 91 21 106 36 1
000950011.bmp 70 171 91 184 0
001053001.bmp 124 31 140 42 2 78 21 102 33 1
000939002.bmp 103 21 114 32 0
000777007.bmp 68 101 82 111 2 42 163 58 178 2 29 165 42 181 2 17 160 25 174 2 19 147 33 161 2 10 145 22 167 2
001081010.bmp 95 65 103 74 2 102 70 111 79 2 118 160 132 169 2 87 205 98 214 2 18 164 31 178 2 29 185 36 193 2 184 139 193 155 2
000735003.bmp 83 20 101 30 0
000954005.bmp 114 95 130 115 0
000970010.bmp 75 183 97 194 0
000967011.bmp 87 197 106 209 0
000775005.bmp 89 89 99 97 2 164 93 176 109 0
000866003.bmp 35 113 51 129 2
000490010.bmp 75 177 97 194 0
001028005.bmp 111 22 126 37 0
000729006.bmp 86 71 108 86 1 69 104 91 117 2 144 117 161 138 2 124 130 146 145 2 143 145 158 158 2 146 136 157 146 2 111 150 129 167 2 102 129 120 150 2 76 121 105 140 2 162 191 178 211 2 150 214 168 232 2 175 170 187 190 2
000094007.bmp 137 255 158 271 0
000437005.bmp 84 165 96 177 0
000435006.bmp 121 26 137 38 1
000497007.bmp 39 130 59 174 2
000839006.bmp 124 29 135 39 1
000127002.bmp 71 219 95 237 0 117 193 124 200 2
000938007.bmp 59 149 70 158 2
000733003.bmp 123 79 133 92 2
000875008.bmp 48 25 71 37 0
000765001.bmp 154 213 175 236 0
001037009.bmp 94 70 122 90 1
000671002.bmp 61 156 77 169 0
000711003.bmp 61 167 79 178 0
000503009.bmp 86 191 104 202 0
000322011.bmp 121 244 141 264 0
000811010.bmp 77 28 90 38 1
000316011.bmp 85 146 109 162 0
001074008.bmp 83 74 97 89 2
000998008.bmp 59 52 68 60 1
000316010.bmp 100 150 121 168 0
000773010.bmp 97 236 112 247 0
000783010.bmp 100 131 129 156 0
000346008.bmp 42 168 69 191 0
000906010.bmp 57 22 80 38 0
000534008.bmp 68 172 88 187 0
000367006.bmp 81 17 103 32 1
001087006.bmp 130 156 138 164 2
000524007.bmp 79 21 100 35 0
001058003.bmp 85 22 102 36 0
000855009.bmp 76 145 86 153 2
000456002.bmp 117 77 126 87 1
000095002.bmp 107 21 125 34 1
001126009.bmp 96 26 117 39 1
000920008.bmp 81 23 104 38 0
000930005.bmp 100 29 124 44 0
000996008.bmp 74 158 93 170 0
000591005.bmp 71 110 84 124 2 126 69 135 81 2 63 161 78 173 0
000122011.bmp 103 234 128 250 0 131 124 142 134 2
000171009.bmp 33 40 61 67 0
000355007.bmp 39 173 56 193 1
000787005.bmp 64 60 78 72 2
000353003.bmp 62 139 80 153 0
000687002.bmp 53 140 71 151 0
000918001.bmp 70 20 88 35 1
000350006.bmp 114 123 129 137 1
000740004.bmp 96 21 111 36 0
000158004.bmp 94 109 101 118 2
000093003.bmp 108 222 131 241 2
000287009.bmp 70 168 86 178 0
001079009.bmp 46 68 54 77 2
000837011.bmp 83 22 103 37 0
000757006.bmp 110 125 120 135 2 134 131 141 139 2
000632008.bmp 80 28 102 46 0
000668003.bmp 38 68 46 78 2
000354003.bmp 96 169 118 185 0
000883002.bmp 51 68 61 81 2
000137007.bmp 93 187 113 204 0
000093004.bmp 93 217 107 232 2 108 223 116 233 2
000545007.bmp 59 167 74 177 0 124 131 132 139 2
000293001.bmp 51 222 76 237 0
000123002.bmp 83 20 101 33 0
000476011.bmp 63 77 75 90 1
000842002.bmp 71 25 87 35 0
000494002.bmp 155 121 163 136 1
000022008.bmp 80 26 93 37 1
000594011.bmp 25 158 34 169 2 148 117 160 130 2 64 22 86 40 0
000068004.bmp 108 131 129 150 0
000832005.bmp 59 77 83 96 0
000796001.bmp 58 141 71 156 2
000916007.bmp 102 20 124 36 0
000650003.bmp 118 48 134 59 2
000805005.bmp 112 45 128 60 2 90 26 115 42 2
001022005.bmp 106 174 114 180 1
000871002.bmp 64 17 79 28 0
000399008.bmp 48 30 65 44 0
000675006.bmp 141 70 157 88 0 120 149 129 164 2
000229001.bmp 105 77 132 99 0
000202011.bmp 52 31 73 45 0
000073010.bmp 80 42 92 52 2 55 23 80 40 0
001069006.bmp 57 121 70 133 2 47 182 55 190 2
000657006.bmp 85 22 115 37 0
000869003.bmp 158 165 169 176 2 97 18 108 29 0
000624011.bmp 100 58 108 66 1
000317008.bmp 69 171 88 185 0
001038010.bmp 70 25 91 37 1
000496008.bmp 22 82 36 104 0
000003009.bmp 15 173 23 185 2 78 76 87 86 2 87 115 98 126 2 100 93 120 115 2 102 202 110 210 2 154 181 161 190 2 127 185 137 193 2 86 203 93 211 2
000279009.bmp 159 49 171 66 1
000901002.bmp 67 242 92 257 1
000759010.bmp 78 27 92 34 0
000346010.bmp 111 20 128 30 1
000815006.bmp 57 63 66 72 1
000446005.bmp 79 177 98 189 0
001051011.bmp 96 59 107 68 1
000485003.bmp 86 178 100 190 0 70 25 79 33 1
000284001.bmp 90 27 113 39 1
000010003.bmp 69 158 95 175 2
000009006.bmp 39 64 60 89 0
000405004.bmp 77 173 97 188 0
001113003.bmp 63 139 75 153 0
000844008.bmp 19 115 26 124 2
000597004.bmp 110 153 124 162 1 57 89 64 95 2
000659003.bmp 62 138 72 147 2
000287002.bmp 89 170 106 183 0
000508001.bmp 58 166 84 180 0 25 139 43 159 2
000246002.bmp 95 115 103 123 2 162 104 171 113 2 86 206 105 220 0
000195004.bmp 70 17 88 31 1
000387003.bmp 97 165 107 176 0
000313007.bmp 88 237 104 252 0
000876004.bmp 82 17 101 37 0
000702002.bmp 60 60 69 75 2 71 78 78 86 2 81 184 101 197 0
000430005.bmp 85 173 108 184 0
000728003.bmp 41 53 47 60 2
000809008.bmp 86 163 105 180 0 35 70 42 78 2 40 61 46 67 2 34 63 40 69 2 82 122 89 129 2 88 126 94 132 2 102 144 111 152 2 105 138 112 145 2 110 144 116 153 2 100 152 109 158 2
000290009.bmp 90 44 100 54 2 120 122 130 132 2
000842003.bmp 58 26 80 37 0
000816008.bmp 72 73 102 87 1
000879010.bmp 85 204 101 217 0
000400002.bmp 84 23 107 42 0
000459004.bmp 69 167 93 180 0
000493009.bmp 16 68 25 80 2 73 99 80 112 2
000585004.bmp 27 71 35 78 2 97 23 112 33 1
000518003.bmp 117 35 132 50 0
000149009.bmp 84 227 105 243 0
000565002.bmp 74 160 81 166 1
000212002.bmp 47 27 66 43 2
000783005.bmp 74 66 86 76 1
000038006.bmp 90 208 102 218 0
000697010.bmp 83 22 98 32 0
000860011.bmp 147 105 166 123 2 160 157 173 170 2 112 206 136 224 0
000751011.bmp 81 172 103 179 0
000400006.bmp 30 105 38 113 2
000251001.bmp 91 22 113 36 0
000699007.bmp 64 141 83 159 2 32 119 40 129 2
000873007.bmp 59 167 76 179 0
000179002.bmp 114 34 128 47 1
000925005.bmp 53 141 61 148 2 113 46 119 53 2
000588001.bmp 125 28 141 45 0
000410006.bmp 84 242 107 261 0
001104008.bmp 129 37 156 61 0
001107002.bmp 135 115 148 125 2 194 157 203 171 2 124 32 141 47 0
000311009.bmp 37 24 59 38 0
001129009.bmp 29 130 37 138 1
000376009.bmp 95 77 108 94 1
000815011.bmp 38 140 58 160 0
000847002.bmp 113 62 125 73 2
000039001.bmp 65 223 84 238 1
000916006.bmp 114 23 137 37 0
001102009.bmp 143 97 154 109 2
000875006.bmp 85 21 106 35 0
000120009.bmp 85 21 111 39 0
000584005.bmp 52 60 61 70 2 82 19 103 30 0
000355004.bmp 18 127 38 152 0 83 147 97 162 2 80 164 91 180 2 97 171 109 187 2 67 171 77 180 2 61 181 78 200 2
000372008.bmp 75 80 101 96 1
000341007.bmp 30 167 51 194 1 137 224 156 245 2 17 156 27 170 2
000007009.bmp 93 22 108 32 1 127 64 143 77 2 135 106 145 116 2 148 84 162 106 2
000315009.bmp 98 20 121 41 0
000660007.bmp 77 26 97 36 0
000246005.bmp 65 108 76 120 2 102 98 111 107 2
000065002.bmp 83 200 116 220 1 50 121 58 128 2 69 127 78 137 2
000904007.bmp 60 23 77 35 0
000482009.bmp 71 21 86 31 0
000038004.bmp 26 135 40 151 2
000223010.bmp 145 84 157 105 0
000114007.bmp 51 85 77 107 0 59 143 75 161 2
000119006.bmp 108 238 137 257 0
000038011.bmp 54 173 66 183 2
000996010.bmp 48 162 67 174 0
001015005.bmp 31 101 40 110 2 31 113 39 122 2 158 71 165 79 2 157 125 166 134 2
001126002.bmp 70 225 86 237 0
000175006.bmp 80 19 98 31 0
000821005.bmp 127 118 146 146 0
000217002.bmp 133 230 150 248 1
000563008.bmp 66 51 78 62 2
000127011.bmp 88 48 101 60 2 81 19 110 34 1 121 101 142 124 2
000120010.bmp 68 18 91 33 0
001097011.bmp 74 200 99 214 1
001003004.bmp 66 159 91 173 0
000668008.bmp 64 146 75 155 2 81 23 103 35 0
001059004.bmp 78 188 95 202 0
000901005.bmp 116 27 135 43 0
001043009.bmp 133 73 141 82 2
000754010.bmp 75 23 87 34 0
000205001.bmp 122 90 138 106 2 123 108 136 119 2 121 145 145 186 2
000572011.bmp 99 20 118 33 0
000158006.bmp 28 104 37 113 2 73 18 85 30 0
000721003.bmp 80 73 109 88 0 58 112 67 122 2 123 128 147 144 2 111 149 128 167 2 58 148 75 168 2 34 201 46 217 2 93 203 107 217 2 102 191 113 202 2 89 213 102 223 2 85 192 99 206 2 42 187 52 200 2 53 180 83 216 2
000629009.bmp 111 95 138 124 0
000824005.bmp 78 76 96 91 1
000667008.bmp 79 196 98 209 0
000578003.bmp 76 23 92 38 0 150 128 163 144 2 125 140 133 148 2 165 148 172 158 2 163 106 172 114 2
000335005.bmp 96 94 110 109 1
000090006.bmp 103 144 122 166 1
000901008.bmp 85 24 108 45 0
000405007.bmp 59 171 72 182 0 99 28 111 37 1
000655004.bmp 98 99 118 113 0
000518006.bmp 69 23 96 38 0
000367008.bmp 53 24 75 36 1 111 189 125 198 0
000399006.bmp 61 30 86 48 0
000503011.bmp 70 190 92 203 0
000238004.bmp 18 99 24 108 2 79 23 111 37 1
001065011.bmp 103 102 113 111 2 122 111 130 118 2 93 99 100 107 2 58 110 64 118 2
000885005.bmp 133 92 140 101 2
000775010.bmp 9 87 26 110 0
000177003.bmp 16 145 31 169 2
000803003.bmp 134 55 146 66 2 110 235 130 251 0
000224002.bmp 71 34 103 55 2
000610004.bmp 60 183 78 200 0 79 104 94 117 2 98 44 106 52 2
001022001.bmp 61 23 78 36 0
000789001.bmp 88 192 106 203 0
000842007.bmp 63 153 77 162 1
000270006.bmp 14 125 20 134 2 110 196 118 204 2 96 200 103 208 2 124 121 133 132 2 152 119 159 127 2 158 120 168 132 2 124 151 135 160 2 132 159 144 172 2 132 177 141 188 2 152 166 162 179 2 150 178 164 194 2 140 72 148 80 2 133 70 140 78 2 76 21 92 31 0 31 87 38 95 2 119 130 128 141 2
000805007.bmp 81 179 96 194 0 44 47 61 64 2 48 29 68 47 2 22 85 30 94 2
000787010.bmp 89 86 105 98 2
000051010.bmp 63 155 90 176 0
000648011.bmp 57 159 64 167 1
000343004.bmp 99 202 109 210 1 22 102 32 113 2
000789005.bmp 82 190 99 203 0
000289008.bmp 100 265 127 282 0
000058007.bmp 84 121 113 150 0
000026003.bmp 121 32 134 43 1
001076003.bmp 58 66 68 79 2 34 52 46 63 2
000490011.bmp 63 176 83 191 0
000954002.bmp 43 97 56 111 1
000063006.bmp 63 18 93 36 1
000177007.bmp 76 136 104 167 0
000185005.bmp 146 165 172 194 0
000435007.bmp 106 22 125 37 1
000763006.bmp 78 22 95 38 1
000434008.bmp 51 135 63 149 1
000038001.bmp 34 93 61 129 2 105 54 119 68 2 127 133 141 148 2 91 101 99 108 2 98 85 106 93 2
000187005.bmp 71 23 91 35 0
000596011.bmp 136 133 148 146 1
000849004.bmp 92 29 115 43 0
000843008.bmp 117 84 125 91 2 102 135 110 141 2 95 186 102 193 2 119 177 126 183 2
000092006.bmp 55 16 72 33 0
000365006.bmp 85 24 115 42 0
000789003.bmp 83 191 98 204 0
000045007.bmp 123 108 146 134 0
000679011.bmp 64 23 79 35 0
001129008.bmp 51 137 60 147 1
001000004.bmp 73 27 91 42 1
000872001.bmp 166 150 175 164 1
000741002.bmp 23 48 43 65 2
000606001.bmp 80 37 86 43 2 60 60 74 70 2 71 166 92 183 0
000758005.bmp 64 26 85 42 0
000964008.bmp 32 145 50 164 0
000103003.bmp 9 117 29 148 0
000890001.bmp 102 155 119 164 0
001079005.bmp 54 88 72 114 0
000264011.bmp 68 25 83 37 0
000833004.bmp 24 91 40 114 0
000656003.bmp 54 24 66 33 2 71 24 80 32 2 9 79 19 95 0
000981005.bmp 104 177 127 190 0
000751001.bmp 83 166 106 181 0
000675007.bmp 110 66 131 92 0 105 147 123 162 2
000514006.bmp 137 50 149 60 2 90 52 98 60 2 28 103 33 110 2 82 194 93 205 0
000864003.bmp 136 180 162 208 1
000123009.bmp 80 129 95 143 2 99 52 116 72 2
000296007.bmp 75 17 96 31 0
000070009.bmp 64 145 86 165 1
000436002.bmp 71 100 84 114 1
001108011.bmp 26 46 45 63 0
000103010.bmp 12 71 26 87 1
000363003.bmp 32 166 52 188 0
000922010.bmp 63 149 81 166 2 19 151 25 159 2
000533006.bmp 63 97 72 105 2 107 36 118 46 1 117 160 129 170 2
000922004.bmp 133 49 140 56 2
001077008.bmp 46 229 63 244 0
001060011.bmp 114 141 122 148 2
000221005.bmp 103 38 120 52 0
000030001.bmp 36 23 58 42 0 135 82 143 90 2
000999003.bmp 82 21 98 34 0
000199001.bmp 93 28 109 39 1
000298010.bmp 104 220 116 233 0
000692006.bmp 75 226 91 242 0 28 192 36 202 2
001088010.bmp 115 26 132 36 0
001093005.bmp 94 137 105 146 1
000322006.bmp 57 38 74 56 1
000514009.bmp 16 86 26 100 2 45 39 56 50 2 70 22 84 33 2 132 51 141 61 2 124 58 136 70 2 81 186 92 197 0
000270009.bmp 93 34 107 42 2 143 52 155 64 2 161 85 169 93 2 150 128 160 145 2 173 137 181 147 2 159 157 170 170 2 160 178 169 189 2 157 190 165 202 2 135 220 145 229 2 28 111 35 120 2 24 126 35 142 2 48 133 54 141 2 53 123 61 132 2 59 125 74 137 2 29 155 38 165 2 39 164 47 177 2 43 182 51 192 2 61 171 73 184 2 84 161 94 178 2 65 183 83 200 2 79 214 89 224 2 93 229 105 237 2 65 216 72 224 2
000667007.bmp 82 201 96 212 0
000816009.bmp 53 75 78 88 1
000867006.bmp 128 42 139 53 0
000558009.bmp 55 22 73 36 0
000570009.bmp 83 190 97 201 1
000110003.bmp 80 112 93 123 2 127 123 143 139 2 143 156 155 170 2 94 80 112 91 0
000327005.bmp 28 152 44 166 1 138 42 151 57 0
000692004.bmp 88 225 102 240 0 67 190 76 200 2
000779002.bmp 127 79 140 92 1
000702011.bmp 75 196 94 207 0 101 37 113 47 1
000313008.bmp 79 232 96 251 0
000904008.bmp 53 25 76 40 0
000040003.bmp 20 67 39 94 0 28 95 36 102 2 118 85 126 93 2
000346004.bmp 97 177 119 193 0
001069009.bmp 137 144 154 161 1
000632009.bmp 54 31 79 47 0
000461008.bmp 21 111 36 134 0
000390011.bmp 17 109 28 122 1
000298004.bmp 94 21 112 36 1
000829005.bmp 70 199 93 214 0
000569003.bmp 81 22 100 39 0
000088004.bmp 57 190 80 206 0
000201001.bmp 168 199 191 228 0
000708006.bmp 136 130 145 140 2
000683004.bmp 80 204 97 217 0
000417003.bmp 40 23 57 35 0
000993002.bmp 143 138 151 147 2 164 131 175 141 2 17 97 30 108 2 139 174 148 183 2 100 127 108 136 2 116 30 132 43 0
000780003.bmp 33 75 44 86 2 30 92 42 102 2 112 218 143 238 1
000882005.bmp 112 34 129 49 0
000743002.bmp 76 22 93 32 0
000520011.bmp 113 79 121 87 2
001099003.bmp 35 120 57 146 0
000030010.bmp 118 26 140 47 0 49 51 57 58 2
001119011.bmp 90 36 109 51 0
000825003.bmp 82 83 98 100 0 82 111 89 117 2 114 84 121 90 2 117 92 122 98 2 111 88 117 94 2 109 94 116 100 2
000618011.bmp 22 131 28 138 2 41 169 47 176 2
000686004.bmp 104 153 119 170 1
000819004.bmp 81 90 113 111 2 110 204 128 217 0
000528008.bmp 122 81 135 103 0
000523007.bmp 91 28 109 42 0 124 96 129 102 2 124 89 129 95 2
000967010.bmp 94 196 108 207 0
000486003.bmp 73 179 100 193 0
000584008.bmp 63 26 82 37 0
000884011.bmp 33 107 41 116 2
000840007.bmp 58 91 72 100 2 39 117 52 137 2 67 129 79 140 2 78 127 93 142 2 88 112 100 125 2 105 93 125 106 2 102 141 114 151 2 9 166 20 187 2 62 202 69 214 2
000711006.bmp 68 21 86 32 1 82 171 100 181 0
000068008.bmp 127 42 145 62 1
000905006.bmp 85 217 106 233 1
000736005.bmp 71 19 91 31 0 124 130 133 140 2
000188004.bmp 82 176 102 194 0
000148002.bmp 86 30 102 42 1
001015009.bmp 41 70 50 78 2 21 126 28 134 2
000171008.bmp 51 44 76 67 0
000746007.bmp 81 23 93 31 0
000212001.bmp 67 24 91 44 2
000780007.bmp 66 226 97 237 1
001016005.bmp 93 243 111 256 0 99 173 108 184 2 108 133 122 147 2 99 102 108 112 2 133 93 156 118 2 107 188 136 205 2
000028008.bmp 104 247 132 265 1
000587008.bmp 69 21 85 31 0
000831001.bmp 84 25 96 32 0
000319002.bmp 67 25 85 37 1
000554011.bmp 80 203 92 214 0
000732004.bmp 100 248 114 262 0 98 180 109 189 2 141 210 151 219 2
000650004.bmp 93 43 108 54 2 148 60 159 71 2
000113005.bmp 79 20 105 38 0
000247008.bmp 65 20 78 28 0
000014001.bmp 71 183 99 206 0
000919007.bmp 42 150 66 178 0
000223009.bmp 17 69 26 81 1
000464002.bmp 27 103 37 116 1
000580011.bmp 36 85 44 93 1
000327001.bmp 125 150 142 166 1
000678010.bmp 74 176 88 188 0
000886003.bmp 75 24 96 39 0
000892003.bmp 75 31 91 44 0
001113002.bmp 59 140 70 152 0
000629008.bmp 145 98 163 125 0
000358011.bmp 33 38 60 65 0
000909001.bmp 107 22 120 31 0 122 124 130 131 2
000841006.bmp 61 158 78 168 0
000496002.bmp 77 79 90 92 1
000775004.bmp 133 96 141 105 2 16 99 24 114 1
000476005.bmp 105 75 123 102 0
000291011.bmp 60 20 78 33 0
000941004.bmp 40 80 51 92 1
000443007.bmp 80 178 101 197 1
000496009.bmp 11 86 22 101 0
000713005.bmp 61 230 81 247 0
000916011.bmp 51 30 71 42 0
000964002.bmp 19 47 35 60 0
000913001.bmp 63 21 81 34 0
001042004.bmp 132 87 149 101 1
000099008.bmp 84 18 101 31 0
000177009.bmp 196 169 213 195 1
000014002.bmp 46 175 73 199 0
000596007.bmp 58 50 85 69 0
000490003.bmp 86 24 99 32 1
000834008.bmp 37 129 52 143 0
000174005.bmp 160 195 171 208 2
000822002.bmp 85 141 98 154 1
000831008.bmp 72 25 86 35 0
000067004.bmp 218 133 237 161 1
000528004.bmp 128 72 136 81 1
000463009.bmp 88 81 104 93 0 94 103 106 116 2 109 108 119 119 2
001075001.bmp 74 157 94 170 0
000853004.bmp 168 122 174 130 2
000586010.bmp 40 100 54 115 2 91 76 101 87 2 87 91 104 102 2 102 67 110 75 2 131 91 138 98 2 122 177 134 189 2
000425006.bmp 135 51 163 67 0
000589001.bmp 77 38 97 54 0
000487001.bmp 100 156 126 173 0
000096007.bmp 44 107 72 137 0
000797011.bmp 64 182 76 194 1
000726010.bmp 161 205 182 233 0
000136006.bmp 84 172 100 184 0
000357010.bmp 77 154 89 167 0
000502005.bmp 112 45 125 59 2
000730011.bmp 85 152 92 159 1
000728002.bmp 17 120 27 132 2
000118002.bmp 103 69 126 87 0 142 218 156 243 2
000537006.bmp 8 92 34 119 0
000292009.bmp 64 72 99 103 0
000719003.bmp 84 109 93 120 1
000949008.bmp 73 43 82 51 1
000891008.bmp 69 36 78 43 1
000546007.bmp 19 75 30 90 1
000963004.bmp 99 25 122 39 0 135 54 145 65 2
001039003.bmp 75 24 93 40 0 88 93 104 108 2 91 157 105 171 2 112 178 128 192 2
000891007.bmp 90 34 99 41 1
000923004.bmp 49 121 57 129 2
001013008.bmp 134 83 139 89 2
000571005.bmp 65 169 85 185 0
000270011.bmp 98 49 111 59 2 102 81 114 90 2 10 123 18 136 2 24 158 31 173 2 16 167 23 180 2 22 178 31 196 2 75 126 88 144 2 109 133 121 145 2 161 130 169 139 2 143 156 152 167 2 90 154 102 166 2 142 185 150 193 2 158 199 166 208 2 98 176 111 186 2 97 186 111 199 2 60 226 70 234 2
000054003.bmp 162 105 175 116 2 158 69 172 82 2
000820002.bmp 144 116 154 127 2
000211008.bmp 105 39 117 50 1
000992004.bmp 50 198 64 211 0
000813004.bmp 51 96 58 105 2 71 21 92 34 0
000272008.bmp 95 34 121 53 0
000432003.bmp 120 55 133 67 0
000187011.bmp 74 23 91 35 0
000138008.bmp 118 188 136 206 1
000960004.bmp 89 17 113 28 0
001117005.bmp 73 204 85 217 0 124 65 135 75 2
001102011.bmp 78 91 88 102 2
000005008.bmp 54 184 66 198 0
001058005.bmp 81 26 93 37 0
000332011.bmp 92 26 112 39 0
000183002.bmp 10 77 21 98 1
000074004.bmp 107 125 120 136 2
000275009.bmp 98 184 121 200 0
000034009.bmp 103 66 118 81 2 144 70 164 85 2 120 82 128 91 2 164 132 172 141 2 96 234 106 244 2 178 53 186 62 2 196 119 204 129 2
000343011.bmp 78 44 99 59 0
000409007.bmp 65 24 78 33 0
000904006.bmp 60 20 83 35 0
000103007.bmp 90 78 106 93 1
000295006.bmp 98 175 112 190 0
000998001.bmp 121 114 141 140 0
000765009.bmp 168 42 195 65 1
000598006.bmp 29 109 40 120 2 89 65 100 78 2 62 160 82 171 0 91 27 98 33 2
000932007.bmp 66 21 79 32 0 22 91 34 108 2
001070008.bmp 96 198 108 207 1
000783008.bmp 158 132 171 150 0
001099004.bmp 15 119 34 145 0
000686003.bmp 141 152 152 172 1
000711005.bmp 82 24 98 35 1
000993003.bmp 104 32 122 46 0 109 139 118 149 2 64 127 73 137 2 137 131 150 144 2 111 176 119 186 2
000562010.bmp 75 69 81 76 2 112 77 118 84 2 88 38 95 45 2 86 30 96 37 2 76 28 83 35 2 131 161 140 169 2 159 167 168 174 2 154 191 162 201 2 148 204 157 212 2 125 224 134 232 2
000040010.bmp 38 148 48 159 1
001052006.bmp 115 190 135 210 0 130 181 143 193 2
000478004.bmp 145 87 154 97 1
001049004.bmp 78 206 92 219 0
000857005.bmp 67 21 86 31 0
000994005.bmp 53 35 65 47 1
000757010.bmp 87 204 104 218 0
000814004.bmp 105 113 132 142 0
000702001.bmp 83 189 104 201 0 103 69 111 80 2 117 85 123 92 2 89 29 98 37 1
000271006.bmp 75 22 97 38 0
000615007.bmp 65 64 87 79 0
000053005.bmp 39 34 61 57 0
000185007.bmp 35 176 57 208 0
001042006.bmp 57 96 78 114 1
000359005.bmp 75 220 101 238 0
000199008.bmp 58 185 85 203 0
000070004.bmp 141 163 161 190 0
001056005.bmp 91 28 99 34 1
000893001.bmp 47 165 55 173 2 61 192 72 203 2 59 214 71 224 2
000580002.bmp 31 78 37 85 1
000416006.bmp 100 143 115 157 2 83 227 98 240 2
000198004.bmp 70 216 88 230 0
000424004.bmp 80 23 97 34 0
000814007.bmp 10 117 24 145 0
001069004.bmp 19 91 35 110 0 113 112 130 125 2 74 177 83 189 2 72 165 79 173 2
000645002.bmp 123 52 140 67 0
000688009.bmp 136 146 156 175 0
000909004.bmp 84 22 106 38 0 49 74 55 82 2
000814008.bmp 6 125 23 145 0
000441008.bmp 106 27 129 47 2
000533001.bmp 72 169 97 187 0
000878006.bmp 43 151 63 172 0
000556010.bmp 73 166 86 177 1
000963010.bmp 57 36 73 50 2
000886008.bmp 72 23 85 34 0
000721004.bmp 17 177 34 212 2 32 188 42 200 2 44 186 54 196 2 49 194 60 204 2 41 198 53 220 2 15 144 28 164 2 49 145 65 162 2 64 121 90 141 2 80 72 104 86 1
000519004.bmp 114 37 133 54 0
000429005.bmp 97 168 108 178 1
000409005.bmp 25 70 38 87 2 75 24 97 35 0
000625004.bmp 63 25 87 38 0
001068001.bmp 106 67 119 80 2 56 134 70 150 2 77 167 92 181 2 52 196 62 206 2 67 207 80 220 2
000906007.bmp 109 25 129 37 0
000795003.bmp 56 68 63 75 2
000489003.bmp 99 81 110 91 0
001081005.bmp 115 150 126 162 2 91 29 111 41 0 78 158 90 167 2 50 154 60 163 2 61 181 77 196 2 87 205 102 215 2 46 186 54 197 2 173 133 181 149 2 168 157 177 166 2 143 157 151 165 2 145 187 156 197 2 120 168 135 179 2 128 188 142 198 2
000481011.bmp 71 68 80 76 2
000981001.bmp 82 25 94 32 1
000431008.bmp 40 144 53 160 1 63 83 73 93 1
000739006.bmp 26 122 48 152 0
000425001.bmp 110 229 162 252 1
000438010.bmp 83 172 102 182 0
000810005.bmp 88 24 107 35 0 128 76 133 82 2 87 102 92 108 2 80 115 86 121 2 119 93 125 99 2 137 67 143 74 2
000700002.bmp 93 37 134 58 1
000364006.bmp 59 28 85 47 0
000052007.bmp 94 128 106 140 2 114 229 124 241 2 30 107 42 122 2 15 137 24 147 2 21 146 30 156 2 20 164 30 176 2 29 155 41 171 2 39 150 50 164 2 50 150 60 163 2 122 206 133 215 2 83 186 92 196 2 129 174 137 183 2
000844009.bmp 49 224 57 233 2 187 135 194 143 2 179 83 186 91 2 42 70 51 80 2
000862010.bmp 71 199 87 208 0
000387011.bmp 72 35 81 44 1
000797004.bmp 68 36 92 57 0
000907004.bmp 143 163 152 172 2 91 222 105 236 0
000022010.bmp 52 25 64 35 1
000913010.bmp 97 30 115 41 0
000954011.bmp 82 101 99 117 1
000322005.bmp 84 59 105 81 1
001008004.bmp 94 120 111 167 2
000380001.bmp 45 23 71 41 0
000104003.bmp 154 115 171 139 0
000416003.bmp 27 133 36 146 2 25 161 37 185 2 35 194 46 208 2 49 212 65 227 2 93 238 116 252 0
000179006.bmp 138 135 153 154 0
000229009.bmp 82 88 112 105 0
000348009.bmp 86 40 99 50 1
000446008.bmp 68 177 88 187 0
000836009.bmp 49 104 56 112 2
000687011.bmp 68 26 84 37 1
000731004.bmp 50 44 63 54 2
000223005.bmp 8 73 18 89 0
000089003.bmp 45 134 54 143 2
000755011.bmp 114 62 142 96 0
000924002.bmp 8 80 24 105 0
000481005.bmp 72 19 86 31 0
000068001.bmp 46 50 53 60 2
000035002.bmp 137 52 162 75 0
000955002.bmp 58 177 84 193 0
000592007.bmp 27 114 34 121 2 75 106 86 116 2 73 116 97 137 0
000119002.bmp 101 68 128 83 1
000080001.bmp 95 21 117 37 0
000462007.bmp 70 183 89 195 0
000669002.bmp 129 81 135 88 2
000870005.bmp 30 73 38 84 2 25 87 33 94 2 59 170 69 178 2
000354002.bmp 112 162 131 178 0
000762002.bmp 53 147 67 162 2
000903001.bmp 105 145 113 154 2 44 131 51 139 2 104 63 113 71 2 133 56 141 63 2 72 91 80 99 2 157 57 178 81 2
000064011.bmp 68 20 96 34 0
000362008.bmp 71 17 84 27 0
000903009.bmp 65 142 77 155 2 118 191 143 206 0
001053005.bmp 44 48 57 62 2 137 229 150 243 0
000319008.bmp 45 164 66 180 0 24 120 34 130 2
000221009.bmp 56 28 79 42 0
000384001.bmp 45 81 56 95 1
001071003.bmp 28 79 38 91 1
000114003.bmp 55 116 68 129 2
000695001.bmp 20 49 37 72 0
000764001.bmp 58 144 79 162 1
000972004.bmp 86 22 102 36 0
000025003.bmp 92 20 111 34 1 97 149 106 157 2
001099011.bmp 136 128 153 153 0
000654008.bmp 131 93 139 101 2
000360011.bmp 99 16 123 34 1
000173011.bmp 64 32 86 48 1 100 191 114 204 0
000054001.bmp 70 227 87 240 1
001063007.bmp 129 51 135 58 2
000662009.bmp 62 159 80 168 0
001076011.bmp 87 41 101 51 1
000958010.bmp 85 26 97 37 1
001025001.bmp 83 25 107 44 0
000701004.bmp 69 22 94 35 1
000846002.bmp 103 177 121 186 0 103 48 114 59 2 149 84 157 95 2
001024009.bmp 100 66 108 74 2
000604009.bmp 74 36 87 47 2 120 42 140 61 2 69 72 76 80 2 9 109 17 131 2 96 95 111 107 2 95 115 105 128 2 105 114 116 124 2 116 107 130 121 2 154 98 166 107 2 124 116 132 125 2
000418010.bmp 77 59 83 67 2
000727011.bmp 72 209 98 227 0
000869001.bmp 39 209 55 224 2 75 70 90 80 2 18 141 30 155 2 25 121 34 129 2
000793003.bmp 51 142 61 150 2
000540002.bmp 143 108 169 134 0
000811009.bmp 88 26 102 35 1
001007001.bmp 57 22 80 38 0 53 37 62 47 2
000953009.bmp 79 16 92 26 0
000062005.bmp 17 164 25 175 2
000335011.bmp 93 107 120 136 0
000123011.bmp 18 128 28 141 2 43 53 59 73 2
000624006.bmp 118 120 133 138 0
000714008.bmp 104 78 125 105 0
000085006.bmp 82 20 98 31 1
000932009.bmp 71 22 91 32 0
000985011.bmp 81 25 98 40 1 18 151 29 161 2 18 128 27 137 2 113 65 130 86 2 162 116 179 134 2
000126010.bmp 83 105 91 113 2 60 25 74 33 0
000632007.bmp 96 26 120 45 0
000604007.bmp 146 161 153 169 2 123 37 139 50 2 163 94 172 107 2 162 111 177 126 2 54 110 74 131 2 125 81 133 89 2
000153007.bmp 122 140 134 151 2
000659002.bmp 103 127 112 135 2
000152011.bmp 126 85 151 119 0
000244010.bmp 88 34 108 46 0
000532001.bmp 84 193 101 206 0
000390007.bmp 9 72 27 89 0
000681001.bmp 85 168 102 180 0
000841007.bmp 62 155 78 165 0
001024008.bmp 22 72 34 83 2 129 70 137 79 2
001050003.bmp 77 174 99 187 0
000540003.bmp 87 87 112 113 0
000645009.bmp 65 127 72 136 1 103 133 109 140 2
001066005.bmp 112 45 133 66 0
000643001.bmp 30 126 37 139 2 90 20 104 35 0
000840005.bmp 64 197 78 210 2 71 173 97 202 2 25 147 45 170 0 103 143 115 154 2 130 164 139 173 2 104 175 115 188 2 120 182 132 196 2 121 173 130 184 2 152 127 165 146 2
001024010.bmp 75 61 85 70 2
001069011.bmp 59 165 76 181 1
000144008.bmp 56 197 80 212 0
000733004.bmp 92 81 104 92 2
000780001.bmp 88 65 101 78 2 88 82 104 94 2
001037001.bmp 85 53 112 67 0
001077003.bmp 101 92 114 102 1
000708010.bmp 17 116 24 126 2
000751005.bmp 72 167 94 177 0
000832008.bmp 83 244 105 260 1
000381009.bmp 61 161 74 171 0 40 52 48 62 2 100 45 106 52 2
000415009.bmp 22 119 30 130 1
000562007.bmp 16 149 25 159 2 47 58 54 65 2
000603001.bmp 131 240 147 255 1
000170001.bmp 14 126 24 143 2 48 161 64 176 2 34 185 45 194 2 63 190 75 201 2
000010002.bmp 93 154 120 172 2
000350010.bmp 169 110 183 126 0
000666003.bmp 76 25 106 40 0
000228002.bmp 63 22 92 39 0
000659004.bmp 34 139 44 149 2
000642005.bmp 176 147 186 157 2
000685005.bmp 92 178 110 188 0
000194008.bmp 145 151 156 163 2
000069010.bmp 42 46 54 59 2 82 17 109 32 1
000200002.bmp 84 207 103 221 0
000233008.bmp 75 161 85 175 2 49 205 60 217 2 58 209 85 227 2 87 217 102 229 2
000662007.bmp 62 155 79 165 0
000866002.bmp 80 93 98 110 2 44 47 55 56 2
000892001.bmp 90 35 112 50 0
000577004.bmp 83 25 111 40 0
000224003.bmp 47 30 77 51 2
000815005.bmp 101 65 111 74 1
000422002.bmp 125 160 138 175 2 126 177 141 190 2 106 196 118 209 2
000866011.bmp 32 54 39 64 2 45 109 64 125 2 130 70 139 81 2
000211003.bmp 109 138 128 158 0
001017005.bmp 86 21 107 38 1 102 177 111 185 2
000255004.bmp 73 185 90 195 0
000616004.bmp 32 76 38 82 2
000339009.bmp 98 191 119 208 0
000515005.bmp 95 175 106 185 1
000519006.bmp 62 24 86 41 0
000550009.bmp 31 31 53 50 0
000032005.bmp 91 238 117 257 0 117 147 127 158 2
001079008.bmp 93 72 101 80 2
000900007.bmp 50 113 57 122 2
000866010.bmp 92 105 110 122 2 67 49 78 60 2
000224008.bmp 92 167 119 189 1
000053002.bmp 81 37 101 56 0
000200011.bmp 68 26 86 40 1
000223003.bmp 51 58 73 83 0
000828005.bmp 31 107 48 128 0
000903010.bmp 100 198 127 214 0 30 151 41 162 2 149 101 159 108 2
001043005.bmp 70 20 82 34 0
000681002.bmp 69 168 85 180 0
000544011.bmp 122 48 131 57 2 78 20 99 34 0
000581009.bmp 12 86 22 100 2 13 109 21 115 2
000521011.bmp 48 196 62 206 1
000812009.bmp 67 112 81 128 2
000054011.bmp 36 120 50 134 2 68 29 81 42 0
001010008.bmp 128 152 137 161 2
000634005.bmp 85 195 106 208 1
000589005.bmp 94 114 101 122 1
001041008.bmp 32 85 42 94 2
001006007.bmp 71 221 88 235 1
000114008.bmp 14 146 25 163 2
000059003.bmp 81 64 90 73 2
000963009.bmp 87 40 102 53 2
000925002.bmp 57 21 74 31 0
000665008.bmp 81 113 90 121 1
000688004.bmp 15 132 34 159 0 145 132 155 146 2
000559009.bmp 88 57 111 82 0
000530011.bmp 123 175 140 196 2 79 35 103 48 0
000603003.bmp 101 244 118 257 1
001028002.bmp 77 213 102 226 1
000620010.bmp 66 46 77 57 1
000572002.bmp 70 27 95 43 0
000390003.bmp 131 74 150 98 0
001021011.bmp 66 29 74 34 1
000716008.bmp 15 138 23 147 2
000227007.bmp 73 66 95 89 0
000629010.bmp 75 100 101 129 0
000267001.bmp 103 22 125 39 0
000720010.bmp 64 22 89 36 0
000353001.bmp 61 142 77 156 0
000348008.bmp 104 38 115 45 1
000887010.bmp 46 185 62 202 0
001112002.bmp 106 26 126 42 1
001032009.bmp 104 93 120 104 1
000900006.bmp 86 108 94 116 2
001048005.bmp 80 26 96 41 0
001029004.bmp 26 142 49 166 0
000127003.bmp 72 216 91 236 0 90 187 98 195 2
000379006.bmp 53 140 68 154 0
000678005.bmp 55 92 64 105 2
000005006.bmp 71 178 96 198 0
001084003.bmp 47 26 61 39 0
000132004.bmp 15 84 24 91 2 104 179 118 191 0
000483003.bmp 51 52 60 60 2
000146008.bmp 96 248 124 274 0
000961005.bmp 82 16 95 27 0
000265010.bmp 23 110 30 119 2 161 104 170 116 2 132 73 148 90 2 81 20 107 32 1 77 197 95 211 0
000545002.bmp 84 164 92 171 2
000231003.bmp 73 164 88 174 0
000367011.bmp 104 191 129 207 0
000921003.bmp 95 241 116 256 0
001005001.bmp 197 143 215 163 0
000787003.bmp 126 52 138 65 2
000678011.bmp 71 179 86 189 0
000931006.bmp 65 163 84 173 0
000026005.bmp 81 26 92 35 1
000222009.bmp 74 197 93 213 0
000296003.bmp 46 32 61 50 2
000705004.bmp 30 141 39 151 2
000601011.bmp 48 84 56 93 1
000544004.bmp 28 117 41 130 2 77 157 86 167 2 102 144 114 155 2
000287007.bmp 60 164 78 177 0
001079001.bmp 66 75 76 85 1
000251002.bmp 83 21 100 35 0
000840001.bmp 62 91 80 103 2 23 115 32 124 2 12 131 22 141 2 20 142 31 154 2 48 159 60 174 2 58 150 88 177 2 87 148 97 157 2 62 153 72 163 2
000661008.bmp 108 42 114 48 2 86 56 93 62 2 136 68 142 75 2 125 90 132 98 2 23 69 31 80 2 27 76 37 87 2 77 178 97 192 0
000844011.bmp 133 133 142 144 2 134 107 143 115 2
000064002.bmp 70 18 91 30 0
001023009.bmp 45 149 56 162 2 53 156 63 164 2 66 144 74 151 2 84 137 97 148 2 70 95 84 112 2
001079004.bmp 104 82 119 104 0
000564002.bmp 80 188 95 198 1
000168010.bmp 84 41 93 49 2
000118001.bmp 124 70 152 87 0
000286002.bmp 72 214 92 232 0
000601003.bmp 49 95 59 104 1
000383009.bmp 130 149 156 177 0
000850002.bmp 67 50 77 60 1
000500011.bmp 142 45 155 55 1
001047002.bmp 147 158 158 167 2
000114006.bmp 67 86 90 101 0 123 134 140 151 2 101 140 112 151 2
000037006.bmp 4 137 21 159 0
000798006.bmp 97 188 123 207 0
000701009.bmp 75 180 101 194 0
000559006.bmp 26 115 34 123 1
000595009.bmp 14 109 20 118 2
001042009.bmp 84 209 105 228 0
000916010.bmp 57 23 78 37 0
000942002.bmp 27 81 38 95 2 62 107 71 118 2 69 174 82 185 2
000446009.bmp 69 176 86 186 0
000888002.bmp 41 141 50 149 2
000924001.bmp 27 75 49 103 0
000327006.bmp 132 36 150 52 0
000501006.bmp 92 95 109 104 2 79 83 98 97 1
000718002.bmp 53 165 61 173 2
000545010.bmp 32 127 40 135 2
000352008.bmp 156 125 169 140 2 114 76 129 89 0 179 139 190 154 2
000026009.bmp 108 182 138 201 0
000979005.bmp 94 228 108 241 0
001132002.bmp 71 25 95 39 0
000481001.bmp 36 67 42 74 2
000035001.bmp 159 80 177 99 0
000698002.bmp 37 48 47 56 2
000927009.bmp 43 120 65 140 0
000558006.bmp 88 21 107 37 0
000659006.bmp 93 240 115 254 1
000155001.bmp 63 41 76 56 2 38 70 48 84 2 92 60 105 76 2 68 20 95 38 1 85 85 97 98 2 156 104 167 116 2 129 180 142 192 2 75 127 85 139 2
001001003.bmp 76 16 91 28 0
000112008.bmp 72 154 93 166 0
000916009.bmp 72 30 95 42 0
000134003.bmp 96 236 117 255 0 79 176 91 188 2
000535009.bmp 71 168 82 175 1
000084002.bmp 68 23 92 38 0
000460002.bmp 89 74 113 87 1
000049011.bmp 39 147 48 158 2
000751008.bmp 76 25 88 33 1
000976009.bmp 88 89 108 106 0
000734002.bmp 65 86 73 93 2 62 196 78 206 0
000298003.bmp 100 21 120 35 1
000820004.bmp 77 109 85 124 2
000920009.bmp 64 29 89 45 0
000073011.bmp 51 48 62 58 2 53 29 71 39 0
001077006.bmp 106 229 122 243 0
000813001.bmp 79 27 111 44 0 168 108 178 116 2
000580005.bmp 94 72 118 99 0
000615003.bmp 48 119 60 136 2 150 133 161 143 2 159 208 169 217 2 126 214 143 229 2 69 205 82 218 2 117 183 131 197 2 109 166 120 176 2 92 164 105 177 2 86 175 99 186 2 89 187 101 197 2 31 195 42 207 2 25 172 33 184 2 31 152 46 171 2 21 141 33 152 2 21 155 34 165 2 32 125 39 134 2 19 116 33 129 2 12 133 23 145 2 40 85 51 98 2 36 105 46 114 2 29 104 38 116 2 133 54 147 65 0
000764009.bmp 44 60 66 81 0
000974008.bmp 55 160 76 171 0
000899010.bmp 58 27 69 36 1
000233003.bmp 73 204 92 219 0 84 195 96 207 2 56 213 66 223 2 10 157 19 171 2
000921001.bmp 110 239 131 255 0
000735007.bmp 73 24 88 35 0
001083006.bmp 92 20 108 35 0
001107004.bmp 60 106 70 117 2 142 151 156 167 2 111 24 129 42 0
000691010.bmp 101 165 110 174 1
000259005.bmp 81 184 100 195 0
000741011.bmp 98 45 121 65 2
000489006.bmp 54 88 70 100 0
000840003.bmp 139 137 155 160 0
001016008.bmp 99 161 109 171 2 40 96 66 124 2 16 139 28 154 2 19 109 29 119 2 16 177 24 187 2 24 192 42 209 2
000450008.bmp 32 38 54 57 0
000296002.bmp 67 28 84 47 2
000585003.bmp 57 69 67 77 2
000201002.bmp 122 206 151 233 0
000662008.bmp 55 156 77 167 0
001131001.bmp 100 22 136 40 1
000675003.bmp 28 95 43 113 1
000801006.bmp 21 87 35 109 0
000545003.bmp 63 162 69 169 2 120 135 129 144 2 81 168 89 180 0
000711007.bmp 86 170 108 183 0
000767002.bmp 81 191 97 203 0
000840008.bmp 37 119 48 129 2 25 134 34 146 2 20 134 26 144 2 39 145 49 158 2 73 167 86 177 2 77 99 98 114 2
000642009.bmp 46 146 57 157 2
000104007.bmp 32 120 51 145 0
000809009.bmp 66 166 82 177 0 66 148 78 157 2 67 156 76 162 2 61 150 66 156 2 64 142 71 149 2 40 126 45 132 2 45 130 50 136 2
000505009.bmp 69 22 83 31 1
000038010.bmp 87 168 96 176 2
000108003.bmp 57 164 76 178 0
000993001.bmp 38 92 54 106 2 170 132 176 139 2 160 166 170 177 2
000738011.bmp 57 166 74 177 0 51 39 58 46 2
000523011.bmp 16 116 21 122 2 13 105 19 111 2
000664011.bmp 66 27 81 37 1
000588003.bmp 93 24 112 42 0
000930007.bmp 63 14 82 27 0
000844006.bmp 69 117 77 125 2 90 227 98 235 2
001063001.bmp 91 207 113 217 1
000059010.bmp 63 95 74 105 2
000463001.bmp 83 74 108 90 0 77 115 90 127 2 92 120 102 131 2
000250001.bmp 119 32 136 49 0
000098009.bmp 94 247 118 265 0
000100006.bmp 69 167 90 180 0
000452006.bmp 7 76 19 93 0
000710004.bmp 85 180 99 190 0
000548006.bmp 48 52 55 58 2
001076002.bmp 96 52 107 64 2 63 39 78 51 2
001104010.bmp 67 43 93 64 0
000438006.bmp 72 173 88 185 0
000331001.bmp 102 189 120 204 1
000289007.bmp 108 261 140 280 0
000941007.bmp 130 90 150 126 0 131 57 140 68 2
000543006.bmp 74 18 102 34 0
000018004.bmp 39 179 49 189 2 144 174 157 185 2 151 89 162 102 2
000634011.bmp 99 33 123 50 0
000430004.bmp 91 170 112 181 0
000088003.bmp 66 191 92 206 0
000192011.bmp 133 239 142 249 2 157 201 166 213 2 149 215 159 224 2 146 224 156 234 2 96 221 107 232 2 78 215 87 224 2
000128001.bmp 99 177 125 193 0 159 85 168 96 2 45 62 56 72 2
000210005.bmp 87 21 104 36 0
000586011.bmp 17 100 26 116 2 49 92 63 103 2 52 79 61 88 2 95 179 107 190 2
000436007.bmp 150 96 170 126 0
000768003.bmp 136 145 150 161 1
000198001.bmp 92 217 109 232 0
000033010.bmp 86 191 108 208 0
000005009.bmp 60 182 75 195 0
000891006.bmp 57 143 64 152 2 110 32 117 39 1
000515004.bmp 111 170 130 185 1
000268011.bmp 98 21 116 35 0
000494007.bmp 156 64 168 84 0
000290010.bmp 71 43 81 53 2 84 122 95 133 2
000568001.bmp 67 22 93 36 0
000567009.bmp 127 142 136 152 0
000417006.bmp 59 141 74 152 1
001040008.bmp 9 117 21 134 0
000760007.bmp 58 24 71 35 0
001103007.bmp 67 20 79 29 0
000458008.bmp 138 88 155 107 0
000499001.bmp 25 101 34 110 1
000132008.bmp 68 178 87 195 0
000998007.bmp 96 63 106 71 1
000555002.bmp 81 19 95 28 0
000537002.bmp 163 95 179 126 0
000944007.bmp 84 65 90 73 2 74 67 80 73 2 64 63 70 69 2 114 55 122 62 2 124 44 132 50 2 104 63 114 71 2 43 141 50 150 2 51 99 59 107 2 72 105 80 112 2 62 81 67 87 2 42 84 48 90 2 24 127 32 133 2 18 67 23 74 2 31 74 37 81 2
000487002.bmp 74 166 100 184 0
001008006.bmp 27 121 49 168 2
000943009.bmp 79 205 95 213 0
000455011.bmp 126 193 137 203 1
000461001.bmp 50 73 62 85 1
000404009.bmp 22 168 53 212 1
000093011.bmp 73 231 94 245 0
000555001.bmp 85 22 96 30 0
000547010.bmp 77 197 101 210 0 80 163 87 171 2 100 36 116 48 2 126 192 134 201 2
001053009.bmp 87 241 109 259 0
000173001.bmp 68 27 90 40 1 97 188 119 201 0
000052001.bmp 70 128 80 137 2 66 144 75 153 2 82 169 93 179 2
001074011.bmp 95 241 126 257 1
000772005.bmp 89 22 106 38 0
000219009.bmp 111 197 136 219 0
000876009.bmp 68 26 81 36 0
000272009.bmp 67 33 97 55 0
000319007.bmp 54 165 76 179 0 55 118 66 130 2
000357002.bmp 82 153 97 165 0
001040011.bmp 89 76 104 89 1
000446003.bmp 81 175 98 184 0
000011007.bmp 107 24 127 42 0
000039010.bmp 11 129 21 140 2 48 137 60 149 2 75 135 84 144 2 91 125 100 134 2 140 181 151 193 2 163 168 174 179 2 129 193 138 202 2
000091007.bmp 79 92 94 109 2
000637009.bmp 86 30 109 46 0
000362007.bmp 73 15 89 31 0
000153008.bmp 86 144 97 155 2
000786007.bmp 83 182 101 193 0
000427008.bmp 85 26 105 39 0
000033011.bmp 77 193 107 211 0
000387009.bmp 108 31 115 40 1
000018003.bmp 11 122 19 135 2 37 49 46 59 2 29 161 39 173 2 62 179 72 190 2 163 174 172 185 2 79 217 104 232 1
000145009.bmp 75 201 88 212 0
000287011.bmp 78 168 95 180 0
000581008.bmp 42 85 55 101 2 54 92 60 98 2 49 108 56 115 2 29 60 37 69 2 14 72 21 82 2
001046001.bmp 134 74 153 103 0
001018005.bmp 156 92 164 103 1
001042007.bmp 29 96 48 112 1
000929007.bmp 154 163 163 174 2 165 165 172 175 2 161 176 169 187 2 129 155 141 167 2 159 132 165 141 2 127 108 135 116 2 151 122 159 132 2
000673005.bmp 116 142 137 165 0
001065004.bmp 14 106 21 113 2 21 103 27 110 2
000854003.bmp 39 44 49 54 1
000164001.bmp 151 169 174 194 0
000458002.bmp 157 77 170 89 1
000770009.bmp 75 42 82 49 2 68 52 75 58 2 67 46 73 52 2 73 47 79 53 2 78 57 84 63 2 83 43 89 50 2 92 39 102 49 2
000925001.bmp 64 23 88 34 0
000863010.bmp 65 178 84 195 0
000335009.bmp 23 107 31 116 2 158 101 172 123 0
000399004.bmp 93 20 115 37 0
000430008.bmp 56 170 77 181 0
000020004.bmp 149 95 159 107 2 76 14 103 32 0
000739002.bmp 159 117 172 139 0
000535007.bmp 114 154 128 169 1
001104011.bmp 38 49 63 68 0
000235006.bmp 92 164 111 178 0
000657007.bmp 70 23 100 38 0
000327009.bmp 58 29 79 50 0
000137002.bmp 71 19 93 34 1 126 42 135 51 2 114 119 126 128 2
000460005.bmp 97 237 117 252 0
001099007.bmp 83 56 96 67 1
000352009.bmp 108 77 129 92 0 98 123 112 137 2 136 137 154 152 2 182 163 191 179 2 175 184 183 194 2
001005003.bmp 151 136 175 158 0
001041002.bmp 100 26 120 38 0
000159004.bmp 80 172 101 187 0
000534003.bmp 42 54 50 62 2
000216003.bmp 155 101 173 131 0
000852002.bmp 99 225 115 239 0
000499011.bmp 125 76 139 95 0
000536011.bmp 104 174 128 190 0
000778003.bmp 67 20 77 28 0
000070002.bmp 38 140 58 165 2
000517008.bmp 126 133 138 147 1
000112001.bmp 70 155 93 167 0
001049001.bmp 112 203 127 216 0
000327003.bmp 67 160 85 175 1
000361007.bmp 51 196 77 219 0
000717009.bmp 84 76 92 85 2
000368008.bmp 45 31 64 44 0
000994010.bmp 48 146 64 160 0
000172003.bmp 72 19 87 28 0
000877010.bmp 41 62 63 81 0
001097004.bmp 76 26 91 37 0
000668010.bmp 161 161 174 180 2
001119010.bmp 117 35 139 53 0
000636003.bmp 97 183 113 194 0
000003008.bmp 36 180 47 190 2 73 77 85 90 2 115 78 125 90 2 142 105 154 117 2 128 119 139 128 2 136 203 144 211 2 158 185 165 193 2 145 197 152 205 2 121 207 129 215 2 134 210 142 218 2 135 97 145 107 2
000424005.bmp 67 19 90 31 0
000455004.bmp 103 22 131 40 0
000993007.bmp 11 131 21 142 2
000536006.bmp 105 37 116 47 1
000613010.bmp 106 189 125 203 0
000835002.bmp 53 201 86 229 1
000944004.bmp 58 46 67 55 2 65 43 77 51 2 47 36 53 42 2 99 49 107 58 2 113 65 121 72 2 121 73 127 80 2 72 53 80 60 2 90 58 98 65 2 98 71 104 77 2 136 73 142 79 2
000998011.bmp 139 130 156 154 0
000186002.bmp 99 21 113 34 0
000002005.bmp 81 23 109 41 0
000347003.bmp 92 108 118 137 0
000845004.bmp 69 187 81 196 0
000091008.bmp 43 101 59 117 2
000893005.bmp 93 22 107 36 0
000152010.bmp 146 87 162 116 0
000482003.bmp 47 132 54 138 2 115 132 122 139 2
001024003.bmp 145 61 157 73 2 150 83 164 104 2
001038008.bmp 90 22 105 36 1
000959001.bmp 114 18 136 39 0
000262002.bmp 77 247 98 259 0 91 106 101 115 2 122 93 134 104 2 173 128 186 141 2 81 146 92 155 2 52 168 60 177 2 54 189 72 208 2 156 227 167 237 2 142 171 152 181 2 110 163 122 175 2 99 157 112 166 2 60 150 82 174 2 89 74 103 86 2 110 76 125 90 2 128 78 139 88 2
000431004.bmp 22 133 40 156 0
000900001.bmp 131 131 145 148 2
000847006.bmp 74 22 92 34 0
000482001.bmp 52 131 59 139 2
000708007.bmp 108 126 118 138 2
000515010.bmp 110 37 130 56 0
001128008.bmp 68 171 86 181 0
000595005.bmp 87 205 103 220 0 143 109 150 117 2
000039008.bmp 78 28 95 41 0 62 128 74 142 2 120 136 134 149 2 146 134 154 143 2 158 124 164 132 2
000716003.bmp 104 97 121 111 2
001122008.bmp 58 241 73 254 0
000909008.bmp 68 23 87 36 0 43 114 51 124 2 150 128 156 137 2
000248006.bmp 70 172 91 188 0
000147007.bmp 81 20 99 33 0
001076004.bmp 98 183 117 197 1
000898001.bmp 77 245 104 261 1
000980010.bmp 67 178 85 193 0
000070001.bmp 103 144 129 166 2
000059009.bmp 103 85 113 95 2
000812011.bmp 15 109 25 122 2
000355006.bmp 97 181 114 200 1
000770010.bmp 69 36 80 46 2 59 41 65 49 2 44 42 53 50 2 36 58 42 64 2
000233001.bmp 119 161 128 175 2
000587011.bmp 70 18 83 27 0
000265007.bmp 127 107 136 119 2 77 18 111 35 1 87 195 112 212 0
000413004.bmp 112 80 135 99 0 59 85 71 96 2 153 132 162 142 2 54 144 62 153 2 117 183 127 196 2
000702008.bmp 76 190 96 202 0
000183005.bmp 51 85 68 103 0
000675002.bmp 59 103 77 119 1
001112008.bmp 151 120 165 134 2 91 108 101 116 2 173 90 180 99 2 148 75 156 82 2 168 73 174 80 2 178 105 186 116 2
000382001.bmp 52 182 71 197 0
000416005.bmp 53 239 79 256 0 155 144 166 159 2 124 227 138 241 2
000397005.bmp 86 233 102 244 1 119 178 132 193 2 150 142 162 153 2
000019004.bmp 87 219 103 231 1
000368007.bmp 62 29 78 41 0
000110005.bmp 78 75 103 90 0 22 113 34 128 2 22 143 32 156 2 106 101 117 110 2 124 110 144 127 2 136 154 145 164 2 156 158 164 169 2 152 177 166 197 2 133 126 150 148 2
000748001.bmp 120 157 135 172 2 163 80 176 97 2 103 27 122 40 0
001039004.bmp 53 96 67 109 2 63 162 75 172 2 94 180 111 193 2
001093001.bmp 38 63 58 83 0
000922008.bmp 136 156 151 173 2 38 58 46 69 2 72 159 84 167 2
000890003.bmp 70 154 91 169 0
000910006.bmp 67 21 88 35 0
000979008.bmp 103 226 116 236 0
000020010.bmp 26 107 32 114 2
000194004.bmp 86 24 110 39 1
000542008.bmp 72 26 97 41 0
000050002.bmp 58 30 73 39 2
000177002.bmp 49 138 69 161 2
000653003.bmp 136 175 143 183 2 142 166 149 173 2
000985003.bmp 20 93 29 102 2
000219004.bmp 72 68 87 84 1
000132009.bmp 85 17 108 31 1 61 178 76 192 0
001093009.bmp 135 56 155 76 0
001010009.bmp 91 155 100 166 2
001079006.bmp 17 89 31 115 0
000158005.bmp 57 108 64 116 2 71 22 83 33 0
001122005.bmp 75 237 93 254 0
000550003.bmp 48 138 58 148 2
000565003.bmp 55 159 64 167 1
000970007.bmp 94 174 112 187 0
000450006.bmp 65 34 102 54 0
000617007.bmp 144 115 150 123 2
000779005.bmp 9 75 22 90 1
001005005.bmp 70 143 93 165 0
000846009.bmp 95 32 104 39 2
001108005.bmp 25 124 35 139 1
000289009.bmp 84 265 105 285 0
000128002.bmp 76 181 100 196 0 125 88 137 100 2
000939004.bmp 82 21 100 37 0
000187007.bmp 72 19 90 31 0
001026001.bmp 157 82 169 104 2 104 94 110 102 2 135 45 143 54 2
000490004.bmp 72 26 85 33 1
001008003.bmp 119 123 140 168 2
001025002.bmp 73 23 93 39 0
000291005.bmp 43 121 54 130 2 62 22 76 30 0
000562009.bmp 109 67 117 74 2 122 39 130 46 2 161 157 168 166 2 178 163 187 172 2 160 199 167 207 2 143 75 150 82 2 101 29 111 36 2
000292007.bmp 141 72 162 99 0
000235011.bmp 46 162 60 173 0
000381007.bmp 53 44 61 53 2 113 59 120 66 2 127 62 133 68 2
000937002.bmp 88 206 107 221 1 98 19 111 29 0
000146009.bmp 70 249 100 277 0
000009001.bmp 23 65 33 78 1
001091008.bmp 102 104 112 112 2
000318008.bmp 58 30 82 44 1
000486004.bmp 56 177 81 197 0
000268005.bmp 106 160 116 168 1
000640011.bmp 120 52 137 67 0
001070011.bmp 147 140 159 152 2
000558007.bmp 79 20 98 33 0
000867001.bmp 23 45 39 56 0
000828004.bmp 52 122 73 144 0
000886002.bmp 80 22 92 34 0
000471008.bmp 64 23 76 36 0
000137010.bmp 134 129 146 142 2 86 148 95 156 2 81 156 89 164 2 67 169 76 177 2 66 188 88 208 0
001024005.bmp 86 63 105 79 2 85 87 99 116 2
000788004.bmp 94 17 107 30 0
000262008.bmp 65 67 89 82 2 24 121 35 132 2 61 120 69 129 2 85 129 98 142 2 109 151 118 160 2 11 163 20 180 2 46 161 58 176 2 74 142 82 152 2 58 138 73 161 2 47 230 55 241 2 155 216 166 230 2
001000003.bmp 63 173 77 185 0
001039010.bmp 133 184 143 192 2
000075007.bmp 67 25 96 44 0
000553011.bmp 53 48 72 66 2 64 29 82 42 0 119 142 132 156 2 132 146 142 154 2
000079009.bmp 55 176 67 189 2
000076002.bmp 148 114 160 128 1
000157001.bmp 105 243 136 268 0
000916002.bmp 73 192 84 201 1
000360004.bmp 25 179 33 187 2 94 198 126 224 0
000196004.bmp 61 180 77 198 2 30 57 45 75 2 45 144 54 152 2 45 189 53 198 2 109 115 120 125 2 75 95 84 105 2 69 98 76 105 2 68 40 81 53 2
000651001.bmp 33 118 40 127 2 77 36 99 51 0
001047004.bmp 80 57 98 72 0 28 157 36 167 2
000706009.bmp 70 64 81 74 1
000937006.bmp 101 20 113 32 0
000231011.bmp 77 166 95 176 0
000171005.bmp 137 59 162 86 0
000890005.bmp 46 159 57 168 0
000751007.bmp 76 27 89 36 1
001098005.bmp 57 152 63 159 2
000053003.bmp 64 29 87 45 0
000766007.bmp 129 107 139 122 1
000615006.bmp 71 246 86 261 2 33 212 44 222 2 81 62 112 79 0 53 193 61 202 2
001072005.bmp 90 185 105 202 2
000104005.bmp 103 113 127 138 0
000273007.bmp 157 225 179 250 0
001123002.bmp 92 22 114 36 0
000005001.bmp 114 189 125 202 0
000496010.bmp 132 79 143 90 1
000043005.bmp 75 229 101 248 0
000464007.bmp 54 79 81 103 0
001129010.bmp 156 62 171 85 0
000476006.bmp 60 76 84 103 0
000867009.bmp 37 38 59 56 0
000650005.bmp 66 45 83 54 2 124 61 141 72 2
001119005.bmp 88 180 101 192 1
000157004.bmp 87 252 112 274 0
001028010.bmp 57 32 67 41 0
000474001.bmp 56 145 67 158 2
000587005.bmp 77 20 92 29 0
000519011.bmp 88 174 96 181 2
000207008.bmp 82 185 95 193 0
000791006.bmp 42 59 48 65 2 117 73 126 81 2 115 86 123 95 2
000814002.bmp 185 110 203 133 0
000944009.bmp 67 42 75 50 2 83 162 94 173 0 93 98 98 104 2 118 37 127 45 2 58 54 64 60 2 44 56 50 62 2 18 87 25 93 2
000783007.bmp 25 66 37 78 1
000894004.bmp 90 44 117 63 0 143 52 150 60 2
000172011.bmp 98 18 112 31 0
000938005.bmp 136 133 146 145 2
000871004.bmp 59 25 71 35 0 128 99 136 107 2
000974003.bmp 76 157 89 167 0
000697011.bmp 73 23 94 35 0
000665011.bmp 140 62 154 82 0
001010011.bmp 26 147 36 155 2
000482005.bmp 44 135 49 141 2
001106002.bmp 65 203 82 217 0
001038003.bmp 69 195 88 213 0
000441009.bmp 80 27 108 45 2
000032006.bmp 73 237 101 259 0 54 142 65 154 2 142 177 156 192 2
000052009.bmp 48 196 54 206 2
001015010.bmp 23 72 31 81 2
000143011.bmp 89 227 107 242 0
000066003.bmp 76 69 98 85 0
000568009.bmp 52 187 61 194 1
000629005.bmp 49 81 66 96 1
000153010.bmp 21 139 30 149 2 76 214 97 229 1
001129001.bmp 80 74 107 98 0
000330010.bmp 99 101 108 110 2 121 77 130 88 2
000424006.bmp 61 19 78 31 0
000756005.bmp 72 21 92 38 0
000003007.bmp 64 176 77 188 2 77 235 106 251 1 104 76 115 87 2 139 75 149 86 2 157 93 172 113 2 154 113 164 126 2 161 188 168 198 2 151 201 159 212 2
000946010.bmp 53 149 67 161 0 31 94 46 115 2 44 46 63 59 2
000243005.bmp 56 164 74 177 0
000748002.bmp 136 79 153 97 2 145 49 155 59 2 167 72 176 85 2 85 156 101 171 2 98 24 116 39 0
000461009.bmp 9 109 22 125 0
000891002.bmp 79 185 101 199 0
001096001.bmp 92 123 103 131 2
000690007.bmp 62 165 78 174 0
000547005.bmp 98 61 106 70 2
001002010.bmp 66 29 75 36 2 43 93 52 104 2 124 51 134 60 2
000891011.bmp 94 190 110 200 0
000058004.bmp 177 109 198 135 0
000895008.bmp 61 79 87 102 0
000268003.bmp 50 20 71 35 0
000337007.bmp 10 162 28 207 1 76 228 94 242 2
000777004.bmp 81 77 105 93 0 130 190 144 213 2 145 210 156 223 2 153 188 167 201 2 151 177 164 190 2 165 142 174 157 2
000707011.bmp 52 22 68 33 0
000835010.bmp 80 38 100 53 0
000272011.bmp 32 30 55 48 0
000890002.bmp 88 159 108 169 0
001117010.bmp 54 163 61 172 2
000265005.bmp 92 24 113 39 1
000010010.bmp 89 21 111 36 0
000898008.bmp 87 25 108 45 0
000474002.bmp 27 156 35 168 2
000814006.bmp 32 113 49 140 0
000719004.bmp 43 112 53 123 1
000938006.bmp 98 139 108 152 2
000035007.bmp 38 39 63 65 0
000339003.bmp 82 25 95 39 1
000819002.bmp 152 91 174 109 2
001005002.bmp 178 134 198 159 0
000805011.bmp 68 179 81 191 0
000251003.bmp 70 20 95 35 0
000126001.bmp 87 155 110 167 1
000124009.bmp 74 23 95 37 0
001083008.bmp 100 19 118 30 0
000550001.bmp 37 28 64 46 0
000512010.bmp 106 32 141 51 1
000786003.bmp 70 25 81 35 1
000848002.bmp 173 158 182 170 2 138 213 149 224 2 168 190 183 210 2
000615009.bmp 110 229 134 249 2 158 243 169 254 2 181 167 197 190 2 173 105 187 119 2 179 119 188 129 2 184 129 191 139 2 190 124 206 143 2 185 143 202 157 2 195 154 205 174 2
000740005.bmp 84 26 100 46 0
000916001.bmp 94 186 106 195 1
000698007.bmp 39 131 65 156 0
000059006.bmp 114 155 121 165 2
001081008.bmp 181 134 187 142 2 79 145 96 161 2 45 39 61 54 0 151 182 160 192 2 87 167 98 178 2 65 182 74 191 2 87 197 99 207 2 131 212 141 220 2 101 216 117 225 2 70 199 82 209 2 44 183 53 192 2 29 164 38 177 2
000575005.bmp 116 41 126 51 1
000632005.bmp 56 149 66 156 1
000754005.bmp 93 21 104 32 0
000076010.bmp 82 96 115 129 0
000878010.bmp 141 63 156 82 1
001030005.bmp 97 171 112 184 0
001075008.bmp 73 157 94 168 0
000059002.bmp 118 64 126 74 2
000418011.bmp 38 62 46 69 2
001096011.bmp 103 26 116 36 0
000934006.bmp 75 20 93 31 0
000976002.bmp 53 83 74 101 0
000265009.bmp 75 22 103 33 1 76 200 96 214 0 51 112 60 123 2 156 76 167 91 2
000970008.bmp 97 177 116 190 0
000078009.bmp 53 24 82 42 0 17 135 25 144 2 27 64 35 72 2
000485001.bmp 78 178 91 189 0 56 75 64 82 2
000682011.bmp 100 31 124 45 0
001006003.bmp 113 218 129 232 1
000564010.bmp 62 21 79 32 0
000017007.bmp 87 21 102 33 0
000706003.bmp 117 121 137 144 0
000576005.bmp 50 153 76 169 0
000413003.bmp 82 94 98 108 2 122 88 140 106 0 160 195 167 204 2
000823003.bmp 77 15 98 30 0
000923001.bmp 65 159 73 171 2
000461005.bmp 134 116 155 141 0
000486009.bmp 85 24 103 38 1
000250006.bmp 58 23 75 38 0
000701003.bmp 76 19 101 29 1
000517002.bmp 120 56 144 86 0
000713002.bmp 118 233 136 246 0
000083010.bmp 75 36 94 52 2 59 75 68 83 2
000030004.bmp 152 121 160 130 2 17 121 26 131 2 121 172 131 181 2
000011011.bmp 46 36 68 58 0 129 114 144 130 2
000640003.bmp 110 37 130 54 0
001118003.bmp 92 183 105 192 0
001129003.bmp 21 63 38 86 0
000589008.bmp 111 37 129 56 0
000690005.bmp 43 139 59 154 2 74 163 92 174 0
000533007.bmp 31 95 38 103 2 93 160 104 170 2 88 36 101 45 1 142 58 148 64 2 118 41 127 51 2 127 42 137 51 2
000951001.bmp 94 224 116 239 0
000001001.bmp 45 145 62 160 2
000774008.bmp 12 120 25 140 1
000932008.bmp 70 22 84 30 0
000579001.bmp 129 45 146 61 0 54 125 61 134 2
000901011.bmp 148 158 154 166 2
000180010.bmp 98 196 112 211 2 87 206 100 221 0
000175007.bmp 79 17 99 30 0
000108001.bmp 63 164 90 179 0
001033007.bmp 101 23 120 38 0
000542001.bmp 51 20 78 37 0
000314001.bmp 48 148 58 157 2 43 75 54 85 2
001049011.bmp 109 20 125 32 1
000158003.bmp 72 19 92 37 0 133 100 141 110 2
000643008.bmp 73 154 80 164 2 26 68 37 78 2 30 83 38 92 2 28 78 38 85 2 136 131 158 142 2 79 22 91 32 0
000830004.bmp 116 196 125 204 2 83 24 109 40 0
000536001.bmp 80 155 113 178 0
000699003.bmp 164 131 172 139 2 182 155 190 170 2
000323003.bmp 130 84 145 100 1
000673007.bmp 68 146 88 164 0
001030006.bmp 88 174 110 186 0
000918002.bmp 58 21 71 31 1
000346001.bmp 70 86 77 96 2
000103008.bmp 57 65 68 76 1
000954008.bmp 18 89 32 109 0
000894002.bmp 139 43 161 60 0
000127008.bmp 103 18 131 33 1
000729005.bmp 109 76 126 90 1 126 110 143 124 2 136 129 161 147 2 158 134 172 158 2 165 155 178 177 2 171 137 182 151 2 177 149 188 162 2
000446004.bmp 79 175 95 185 0
000957004.bmp 133 135 145 146 2 134 155 144 165 2 103 143 111 150 2 76 66 92 81 2
000987005.bmp 88 152 97 160 1
000167006.bmp 49 42 70 58 0
001016009.bmp 57 162 64 171 2 18 101 36 125 2 68 55 79 63 2
000525011.bmp 58 165 65 172 1
000625002.bmp 84 22 113 36 0
000358006.bmp 38 117 50 131 1
000183011.bmp 30 76 43 90 1
000101011.bmp 101 26 126 50 0
000925004.bmp 94 136 101 146 2
000534002.bmp 61 170 81 184 0 86 49 96 58 2 57 129 64 135 2
000228003.bmp 56 22 83 38 0
000506003.bmp 76 26 92 36 1
000744008.bmp 74 52 81 58 2
000689008.bmp 79 241 97 252 1
000811002.bmp 89 205 106 221 0
000359004.bmp 86 232 109 249 0
000137011.bmp 99 123 114 138 2 51 144 60 152 2 43 165 49 172 2 59 189 77 205 0
000009008.bmp 48 69 61 83 2
000268001.bmp 81 22 102 35 0
000368006.bmp 80 24 98 37 0
000358008.bmp 142 52 163 80 0
000873005.bmp 68 161 89 174 0 30 56 39 65 0
000578007.bmp 23 134 34 148 2 48 148 57 157 2 65 67 78 79 2 40 107 48 115 2 90 208 111 220 1
000880002.bmp 63 52 72 59 2 24 83 30 90 2 54 174 71 187 0
000040009.bmp 64 158 74 168 2
000778004.bmp 64 19 73 28 0
000756004.bmp 79 24 104 44 0
000893011.bmp 15 96 24 108 2 70 146 85 160 2 30 178 38 186 2 107 194 120 205 2 123 205 135 219 2 110 211 124 220 2
000376001.bmp 25 81 35 94 1
000689004.bmp 91 73 111 89 0
000505004.bmp 27 41 38 51 2 65 159 84 173 0
000034008.bmp 142 73 156 88 2 175 78 191 92 2 195 140 202 148 2 104 118 114 128 2 32 84 46 97 2 29 95 40 103 2 19 114 29 124 2 17 127 28 138 2 23 108 33 116 2 44 73 54 83 2 50 63 61 74 2
000247010.bmp 71 21 82 30 0
000065003.bmp 66 198 100 218 1 36 124 44 131 2
001071002.bmp 58 86 75 100 1
000191006.bmp 61 75 74 87 1
000011009.bmp 62 36 90 57 0
000473006.bmp 92 197 102 205 2
000147009.bmp 69 20 87 34 0
000887009.bmp 55 184 72 200 0
000670009.bmp 123 54 133 66 1
000502006.bmp 81 44 94 60 2
000279002.bmp 165 137 185 161 0
000517010.bmp 41 135 52 146 1
000887011.bmp 149 41 160 53 1 41 190 53 201 0
000588006.bmp 45 23 63 37 0
001119009.bmp 138 41 153 57 0
001112004.bmp 96 29 111 40 0
000787009.bmp 120 84 133 95 2
000132003.bmp 44 85 51 93 2
000598009.bmp 66 83 71 90 2 68 163 86 174 0
001123001.bmp 97 29 120 41 0
000402008.bmp 72 181 91 194 0
000012007.bmp 61 159 75 171 2 45 163 54 172 2 61 177 73 188 2
000359008.bmp 65 217 83 236 0
001001002.bmp 82 22 101 35 0
000931004.bmp 77 162 94 173 0
000965008.bmp 143 83 153 95 2
000555005.bmp 74 22 87 33 0
000468010.bmp 80 25 99 41 0
000426005.bmp 87 180 99 189 0
000513005.bmp 93 220 110 236 0
000211010.bmp 66 33 80 43 1
000564009.bmp 69 25 89 37 0
000621005.bmp 108 187 127 202 0
001056006.bmp 72 24 82 31 1
000936005.bmp 74 217 86 229 0
001048004.bmp 86 25 100 36 0
000624002.bmp 106 61 113 69 1
000606004.bmp 87 91 99 102 2 100 22 113 32 1
000502004.bmp 130 48 143 62 2
000871010.bmp 101 24 114 34 0
000080003.bmp 72 17 94 34 0
000120011.bmp 46 25 69 44 0
000501007.bmp 99 90 116 101 2 64 88 87 104 1
000160004.bmp 17 74 35 98 0
000854005.bmp 149 156 164 174 0
000716005.bmp 38 81 50 94 2 100 143 110 154 2 64 221 87 240 0
000434006.bmp 112 128 123 141 1
000063005.bmp 77 18 100 36 1 29 127 40 137 2
000732002.bmp 116 243 131 255 0
000464001.bmp 54 91 67 107 1
000218002.bmp 97 27 112 39 0
000645006.bmp 17 53 32 63 0
000938008.bmp 27 143 36 154 2 110 241 137 260 0
000486001.bmp 112 173 139 195 0
000747010.bmp 69 167 85 177 0
000605001.bmp 20 67 30 78 2 16 84 25 95 2 79 22 91 34 0
000203002.bmp 6 58 21 84 0
000163011.bmp 110 143 116 151 2
000016009.bmp 115 75 130 95 0
000877001.bmp 142 58 165 76 0
000088010.bmp 73 24 89 40 1
000300001.bmp 139 63 151 74 1
000800007.bmp 68 158 82 189 2
000684001.bmp 76 160 85 169 2
000579004.bmp 64 18 82 31 0
001007008.bmp 89 22 102 32 0
000517007.bmp 161 138 171 152 1
001108006.bmp 133 42 151 62 0
000909006.bmp 67 20 83 30 0 122 107 135 117 2
000563003.bmp 118 49 142 71 0 57 46 65 53 2
000517001.bmp 156 53 177 79 0
001015003.bmp 100 99 109 107 2 104 110 113 119 2
000011005.bmp 147 47 166 64 0
000953007.bmp 78 16 92 26 0
001046002.bmp 88 66 119 97 0
000900005.bmp 14 128 24 140 2 130 104 138 112 2
000710009.bmp 80 180 93 192 0
001124010.bmp 85 31 99 41 0
000211005.bmp 44 130 67 151 0
000007011.bmp 77 24 87 31 1 64 66 85 78 2 93 87 116 112 2 66 108 75 117 2 59 116 68 124 2
000658008.bmp 188 105 202 125 0 153 45 167 55 2 179 154 187 161 2
000798003.bmp 127 190 141 201 0
000589010.bmp 47 38 65 54 0
000755007.bmp 63 117 76 125 1
000610008.bmp 95 20 117 34 1
000537009.bmp 138 107 149 121 1
001081001.bmp 16 170 25 182 2 140 65 158 80 0
000544009.bmp 70 64 78 72 2 62 78 73 90 2
000824002.bmp 64 215 90 233 0
001118010.bmp 74 180 85 190 0
000458006.bmp 20 86 30 97 1
000587007.bmp 73 18 90 28 0
000204008.bmp 61 157 70 164 2 125 195 133 203 2 88 19 107 30 1 145 191 152 200 2
000829003.bmp 76 115 83 123 2 95 193 114 209 0
000037004.bmp 91 130 112 153 0 22 191 42 212 2
000376006.bmp 19 93 33 116 0
001041004.bmp 73 17 94 32 0
000058011.bmp 6 120 21 137 0
000200001.bmp 94 213 113 226 0
000678002.bmp 107 122 118 131 2
000279011.bmp 93 45 108 65 1
000897004.bmp 76 60 92 73 0
000768009.bmp 112 34 132 49 0
000004010.bmp 74 178 95 193 0
000665004.bmp 42 60 61 80 0
001055008.bmp 115 39 123 47 2
000543005.bmp 82 18 107 31 0
000757001.bmp 106 22 131 34 1
001047007.bmp 53 90 69 102 2 68 224 78 236 2
000424003.bmp 92 25 109 40 0
001116001.bmp 80 24 96 38 0
000299005.bmp 79 18 107 36 0
000076001.bmp 175 106 184 122 1
000843010.bmp 97 44 104 52 2 41 90 48 97 2 35 140 41 146 2 56 175 62 181 2 77 181 84 187 2
001069008.bmp 182 149 196 166 1 17 125 25 135 2
000458004.bmp 86 84 97 97 1
000786009.bmp 67 184 89 194 0
000263005.bmp 119 77 134 102 0
000360002.bmp 146 167 167 192 0
001126004.bmp 144 175 156 188 2
000460006.bmp 76 240 98 253 0
000354004.bmp 79 187 103 202 0
000943003.bmp 85 203 97 215 0
000055002.bmp 45 39 54 47 2
000493008.bmp 59 18 78 33 0 33 63 52 80 2
000779007.bmp 137 97 153 119 0
001019009.bmp 83 88 99 101 2 71 152 82 161 2 17 168 27 180 2 81 61 96 74 0
000361004.bmp 96 222 123 242 0
001089008.bmp 18 80 26 89 1
000247005.bmp 72 20 86 30 0
000729007.bmp 31 107 48 121 2 71 75 91 88 1 27 124 47 142 2 44 132 56 153 2 44 152 64 171 2 61 133 82 147 2 111 220 129 237 2 114 199 133 215 2 133 174 149 199 2 79 147 95 162 2 87 121 107 141 2 85 137 96 147 2 173 173 182 187 2
000814010.bmp 144 112 155 125 1
000128005.bmp 12 86 22 99 2
000525002.bmp 111 31 134 52 0
000365005.bmp 104 23 130 45 0
000037001.bmp 42 163 59 184 1 126 197 148 219 2
000174007.bmp 117 195 129 211 2
000929005.bmp 184 158 194 169 2
000649009.bmp 108 25 122 36 0
000717010.bmp 54 80 62 89 2
000000004.bmp 74 31 85 41 2
000595003.bmp 107 200 123 215 0
000312007.bmp 77 29 98 45 0
000307001.bmp 84 31 108 51 0
000518005.bmp 86 23 107 36 0
000485006.bmp 76 181 87 193 0 89 28 96 35 2
000296001.bmp 93 30 113 46 2
000537003.bmp 124 93 150 127 0
000315008.bmp 106 19 121 33 0
000003005.bmp 134 176 149 194 2 154 77 166 93 2
000424007.bmp 61 23 78 34 0
000017009.bmp 69 22 90 36 0
000500004.bmp 146 156 171 187 0
000922011.bmp 36 153 50 167 2
000347006.bmp 8 109 19 130 0
000517003.bmp 73 64 98 90 0
000069008.bmp 96 52 110 65 2
000478003.bmp 13 103 30 126 0
001051005.bmp 105 134 129 156 0
001128006.bmp 77 172 89 183 0
000255003.bmp 74 186 89 195 0
000914003.bmp 189 170 197 183 2
000814011.bmp 104 112 117 125 1
000636007.bmp 73 185 95 198 0
000632001.bmp 49 26 70 41 0
000125009.bmp 76 104 89 117 1
000563011.bmp 59 138 68 145 2
000731002.bmp 122 47 136 57 2
000887002.bmp 57 38 69 53 1
000719007.bmp 113 72 138 100 0
000473010.bmp 85 20 112 39 0
000247011.bmp 72 21 85 32 0
000743006.bmp 68 20 86 29 0
000843005.bmp 96 117 105 124 2 125 91 132 98 2 42 52 50 60 2 85 21 103 32 0
000860007.bmp 34 34 59 48 1
000043007.bmp 57 233 83 248 0
000626009.bmp 65 27 82 42 0
000636005.bmp 85 179 108 191 0
000943004.bmp 84 198 102 214 0
000247006.bmp 71 21 84 31 0
000567011.bmp 77 137 101 154 0
001023007.bmp 142 100 157 115 2 137 146 148 155 2 112 151 125 164 2 122 158 134 168 2 153 138 167 151 2
000102002.bmp 97 68 117 88 0 134 146 152 172 2 96 88 115 97 2
000164011.bmp 80 19 99 32 1
000880011.bmp 75 180 98 194 0 54 98 64 107 2 90 61 100 70 2
000767003.bmp 75 188 91 200 0
000660010.bmp 67 25 81 38 0
000615004.bmp 83 130 94 142 2 61 128 75 140 2 12 119 22 136 2 24 204 36 217 2 51 179 68 198 2 103 207 112 216 2 140 204 151 213 2 144 237 157 251 2 70 213 87 230 2 45 164 54 175 2 31 162 44 175 2 31 183 42 197 2 27 172 40 187 2 118 55 143 74 0 137 86 144 96 2
000030002.bmp 33 32 51 47 0 95 99 103 107 2
000561001.bmp 116 47 124 57 2 91 230 103 243 2 110 227 121 238 2
000764006.bmp 147 82 162 104 0
000127005.bmp 39 188 46 196 2
000239010.bmp 92 184 110 195 0
000714009.bmp 54 76 77 102 0 117 146 122 152 2
000275008.bmp 108 182 128 197 0
000790008.bmp 95 210 115 225 0
001078002.bmp 51 80 64 92 0
000567001.bmp 108 132 127 150 0
000180008.bmp 95 207 110 221 0
000979002.bmp 88 224 99 236 0
000002006.bmp 76 21 102 38 0
000384009.bmp 145 90 153 99 1
000589009.bmp 88 41 104 55 0
000616003.bmp 77 76 85 84 2
000719002.bmp 118 116 125 125 1
000171001.bmp 57 163 75 179 1
000804009.bmp 14 136 25 150 2 26 116 41 132 2 23 117 29 124 2 70 95 80 107 2 93 219 105 227 0
000705002.bmp 105 138 116 147 2
000845001.bmp 90 188 107 199 0
000492004.bmp 51 238 75 260 1
000646002.bmp 58 149 76 164 0 98 119 105 127 2 95 92 101 98 2
000434003.bmp 34 47 56 67 0
000763001.bmp 76 175 102 192 0
000232011.bmp 61 31 81 44 0
000967001.bmp 83 196 103 208 0
001005008.bmp 14 149 31 167 0
000871005.bmp 90 99 98 107 2
000726011.bmp 147 213 168 236 0
000092004.bmp 52 20 72 39 0
000544003.bmp 139 137 149 150 2 117 150 127 160 2 32 166 39 173 2 63 111 80 124 2
000470007.bmp 103 57 126 78 0
000909002.bmp 106 18 116 29 0 79 116 87 126 2 132 68 138 74 2
000620001.bmp 153 134 166 153 0
000833002.bmp 104 88 126 111 0
000587006.bmp 77 17 91 26 0
000790009.bmp 78 211 103 226 0
000248007.bmp 62 175 85 188 0
000399003.bmp 108 24 132 41 0
000937008.bmp 90 22 103 36 0
000506004.bmp 62 35 75 44 1
000088009.bmp 81 28 94 36 1
000147008.bmp 74 19 102 39 0
000559004.bmp 100 116 109 123 1
000957005.bmp 49 70 65 85 2 98 137 109 147 2 102 157 111 166 2
000202004.bmp 133 41 146 54 0
000954001.bmp 82 105 95 117 1
000373001.bmp 70 24 87 36 0
000054006.bmp 112 23 132 37 0 71 57 86 69 2 52 85 72 113 2
001131004.bmp 74 22 107 35 1
000707001.bmp 57 26 74 36 0
000049008.bmp 18 172 28 187 2 145 148 154 157 2 79 43 101 60 0
000295003.bmp 78 19 93 30 1
000072002.bmp 133 55 148 77 0
000486005.bmp 45 182 65 195 0
000665002.bmp 128 61 145 78 0
000049007.bmp 90 33 113 52 0 32 166 46 183 2
000825007.bmp 109 100 117 109 1
001018001.bmp 82 80 112 110 0
001122009.bmp 66 236 78 247 0
000494008.bmp 141 62 162 90 0
000621008.bmp 60 190 83 206 0
000865004.bmp 20 104 32 115 2 11 126 24 148 2
000994001.bmp 22 139 39 159 1
000836008.bmp 85 105 93 115 2
001118005.bmp 88 181 101 190 0
000220011.bmp 68 208 86 222 0
000706010.bmp 36 65 44 73 1
000298006.bmp 84 219 103 238 0
000662006.bmp 64 155 81 165 0
000956004.bmp 71 213 87 226 0
000715006.bmp 75 33 86 42 1
001033006.bmp 110 24 130 37 1
000588009.bmp 87 173 109 185 1
001117006.bmp 91 53 104 65 2
000610011.bmp 106 49 115 59 2
000358004.bmp 115 126 129 139 1
000925006.bmp 81 47 88 53 2
000500002.bmp 195 135 209 165 0
000610003.bmp 115 103 125 113 2 65 181 82 192 0
000658009.bmp 118 37 134 48 2 155 92 171 116 0 147 145 154 151 2
000974006.bmp 62 157 80 170 0
001050006.bmp 62 167 80 179 0
000684009.bmp 95 189 105 197 2
000048008.bmp 78 17 102 37 0
000838006.bmp 82 167 97 177 0
000547009.bmp 97 199 121 213 0 67 140 75 150 2 127 167 134 175 2 125 40 140 50 2
001024001.bmp 145 133 154 141 2
000949004.bmp 58 124 80 143 0 102 113 107 120 2 109 107 114 114 2 112 110 117 116 2
000755001.bmp 100 56 124 85 0
000275004.bmp 92 29 110 39 1
000744009.bmp 35 50 42 57 2
000164004.bmp 46 204 69 224 0 133 129 148 144 2
000335003.bmp 8 100 22 124 0 158 88 169 107 1
000562004.bmp 102 19 119 35 1
000954010.bmp 115 100 129 116 1
000433011.bmp 20 79 26 85 2
000871003.bmp 61 20 70 29 0
000917010.bmp 127 118 136 128 1
000068007.bmp 17 129 35 150 0
001120003.bmp 49 74 71 88 1
000465004.bmp 134 86 147 101 1
000178005.bmp 91 225 110 241 0
000091010.bmp 7 99 17 115 2 87 23 122 39 1
000821004.bmp 153 130 170 152 0
000237006.bmp 86 79 109 93 0
000263007.bmp 21 75 40 98 0
000201009.bmp 39 92 60 112 1
000597009.bmp 118 28 139 45 0
000794002.bmp 70 188 91 201 0
000943005.bmp 81 200 96 213 0
000291006.bmp 19 118 28 127 2
000035004.bmp 82 24 110 43 0
000067006.bmp 163 136 182 161 1
000640006.bmp 25 43 41 59 0
001064005.bmp 81 206 98 220 0
000716007.bmp 35 147 43 156 2
000937001.bmp 93 23 107 33 0 106 213 120 226 1
001117008.bmp 38 59 48 68 2 114 172 123 181 2
001038011.bmp 69 29 87 43 1
000592011.bmp 111 67 117 74 1
000845008.bmp 96 30 108 38 1
000077003.bmp 74 175 89 186 0
000675008.bmp 65 55 93 81 0 78 140 98 152 2
000377010.bmp 56 146 82 169 0
001124009.bmp 105 39 119 52 0
000946011.bmp 20 47 29 57 2 9 91 19 108 2
000485005.bmp 78 178 90 190 0
000220004.bmp 115 203 136 222 0
000054005.bmp 87 88 106 115 2 100 61 113 73 2 115 24 134 38 0
000801007.bmp 8 88 18 102 0
000134004.bmp 84 236 113 258 0 25 175 34 185 2
000735004.bmp 77 16 97 31 0
000112002.bmp 63 155 82 167 0
000605003.bmp 74 20 89 35 0
000203007.bmp 112 68 129 93 0
000864007.bmp 113 134 135 155 0
000169001.bmp 73 33 90 46 0
000581007.bmp 67 23 81 32 0 40 73 51 85 2 63 61 75 70 2 86 88 100 103 2 95 110 103 118 2 102 94 109 101 2
001112011.bmp 43 129 54 140 2
000822003.bmp 57 142 70 154 1
001052009.bmp 151 146 173 190 1
000377005.bmp 50 61 60 74 1
000183001.bmp 30 78 41 94 1
000202002.bmp 39 197 59 215 1
000494003.bmp 129 123 143 142 1
001085008.bmp 31 143 41 153 2
000985007.bmp 112 162 126 177 2 142 151 153 162 2 146 129 155 138 2
000364008.bmp 53 26 67 40 0
000754004.bmp 89 19 102 30 0
000254002.bmp 100 209 120 224 0
000456008.bmp 83 119 114 147 0
000731005.bmp 28 47 38 58 2
000636008.bmp 74 187 90 198 0
000696008.bmp 73 22 91 32 0
000982009.bmp 92 25 111 36 0
000693006.bmp 53 42 62 49 2 60 50 67 58 2
000559010.bmp 39 49 61 72 0
000927008.bmp 79 122 100 142 0
000670006.bmp 74 133 80 139 2 48 111 71 136 0
000300002.bmp 102 67 113 78 1
000864005.bmp 25 198 54 220 1
001126006.bmp 70 155 82 167 2
000770001.bmp 64 34 79 44 2 35 48 49 59 2 41 35 57 50 2
000447007.bmp 97 187 112 198 0
000780002.bmp 59 72 71 83 2 56 88 72 100 2
000507007.bmp 38 59 50 74 1
000910009.bmp 67 25 85 35 0
001122007.bmp 60 241 81 259 0
000914007.bmp 59 157 72 172 2
000426008.bmp 80 183 95 194 0
000090004.bmp 7 146 24 174 0 49 109 68 125 2 52 100 61 110 2 38 107 49 121 2 69 90 95 105 2
000972005.bmp 81 23 93 32 0
000816005.bmp 57 234 73 246 0
000601008.bmp 9 79 24 107 0
000343010.bmp 105 34 126 51 0
000653007.bmp 95 24 111 36 0
000508006.bmp 68 28 80 39 1
000045002.bmp 93 84 110 99 1
001015006.bmp 128 127 139 138 2 139 71 148 81 2
000319011.bmp 99 32 114 43 1
000238002.bmp 61 67 68 75 2 57 91 67 103 2 69 72 77 80 2
001084002.bmp 47 21 72 38 0
001075011.bmp 61 160 74 169 0
000545006.bmp 68 165 82 179 0 32 132 42 141 2
000553006.bmp 92 24 108 38 0
001053004.bmp 57 32 70 44 2 146 211 160 226 0
000484008.bmp 11 77 21 89 2
000750001.bmp 79 27 88 34 1
000090009.bmp 148 161 166 188 0 136 107 146 117 2 123 109 132 119 2
000098002.bmp 73 230 105 250 0 117 167 130 183 2 154 153 168 172 2 162 132 177 144 2 132 172 144 182 2
000464009.bmp 10 86 23 110 0
001013009.bmp 122 118 129 124 2
001098008.bmp 57 21 76 35 0 44 78 49 84 2
000402002.bmp 77 27 85 33 1
000833005.bmp 9 90 17 104 0
001019006.bmp 55 141 62 151 2 37 139 47 149 2 51 209 64 221 2 97 225 109 234 2 160 160 170 170 2 109 63 125 76 0
000468001.bmp 78 19 96 32 0
000637003.bmp 107 152 120 161 1
000411001.bmp 113 115 125 125 1
000250004.bmp 75 30 96 47 0
000727002.bmp 103 52 112 60 2
000460003.bmp 62 75 90 89 1
000300006.bmp 127 125 148 148 0
000655003.bmp 25 207 37 216 1
000320002.bmp 97 48 107 60 1
000559001.bmp 40 64 63 89 0
001068006.bmp 75 63 83 71 2 34 88 44 97 2
001098006.bmp 120 74 125 80 2 70 20 93 33 0
000125010.bmp 43 104 56 117 1
000715005.bmp 98 33 107 40 1
000154005.bmp 72 60 95 83 0
000535004.bmp 41 34 68 53 0
000405006.bmp 56 168 80 182 0 102 21 123 37 1
000060007.bmp 81 26 92 34 2
000579002.bmp 20 113 26 120 2 108 34 132 54 0
000137001.bmp 83 18 104 31 1 146 117 155 127 2
000068009.bmp 112 52 121 63 2
000012008.bmp 35 178 47 190 2
000227006.bmp 112 63 126 87 0
000163009.bmp 73 186 96 201 0
000294010.bmp 72 178 95 194 0
000021008.bmp 55 134 62 143 2 46 92 53 100 2 98 41 107 50 2 34 43 44 51 2
000337004.bmp 163 148 192 195 1
000367001.bmp 65 188 92 205 0
000876006.bmp 71 23 88 39 0
001108002.bmp 113 147 121 156 1
000068006.bmp 33 125 58 146 0
000408010.bmp 131 75 138 83 2 69 183 74 190 2
000659007.bmp 83 237 108 255 1
000322008.bmp 36 30 61 51 1
000938009.bmp 104 240 123 256 0
000179004.bmp 56 37 70 49 1
000136002.bmp 79 176 98 188 0
001051008.bmp 33 144 53 162 0
000077009.bmp 81 177 96 187 0
001028007.bmp 83 31 103 48 0
000434011.bmp 116 37 136 56 0
000929008.bmp 92 114 100 123 2 117 129 126 138 2 125 140 132 148 2 93 148 101 156 2 92 164 106 173 2 121 173 132 183 2 134 173 145 183 2 131 184 143 197 2
000564003.bmp 73 181 87 193 1
001086010.bmp 141 116 152 126 2
000979009.bmp 97 224 110 237 0
000580008.bmp 9 79 20 94 0
000714010.bmp 18 78 34 102 0 88 147 94 154 2
000312005.bmp 110 33 131 49 0
000572003.bmp 62 24 85 35 0
000895011.bmp 147 105 156 119 1
000125007.bmp 12 62 25 77 0
000410007.bmp 61 244 83 260 0
000355009.bmp 136 140 157 167 0
000243004.bmp 62 164 81 176 0
000971005.bmp 83 29 93 36 1
000297004.bmp 66 223 84 236 0
000659005.bmp 101 242 116 256 1
000652010.bmp 96 21 109 30 0
000972001.bmp 110 27 123 41 0
000461004.bmp 170 122 186 144 0
000622006.bmp 93 109 102 119 2
000964003.bmp 141 142 156 163 0
000590005.bmp 34 129 47 143 2 13 161 25 191 1
000521003.bmp 51 42 79 60 0
000456010.bmp 18 111 40 140 0
000987002.bmp 50 23 70 36 0
000160001.bmp 106 75 133 106 0
000119008.bmp 55 245 83 263 0
000347010.bmp 111 116 127 132 1
000817003.bmp 129 124 141 139 0 139 108 150 119 2
000218003.bmp 90 24 111 42 0
000822010.bmp 16 59 33 81 0
000737006.bmp 76 225 97 239 0
000884007.bmp 85 43 97 53 2
000021005.bmp 89 19 105 29 0 105 183 113 191 2 58 36 72 47 2 112 44 125 55 2
000528009.bmp 72 76 88 95 0 93 96 102 107 2 101 103 111 111 2
000065006.bmp 104 28 131 49 0
000192008.bmp 98 19 123 43 0
000217004.bmp 77 206 91 218 1
000364002.bmp 113 27 132 42 0
000151010.bmp 132 127 143 138 2
000775001.bmp 122 98 133 109 1
000016010.bmp 69 76 88 94 0 117 63 123 69 2 110 66 115 71 2 114 72 119 77 2
000512009.bmp 117 31 149 52 1
000467002.bmp 95 27 105 36 0
000545009.bmp 64 129 73 137 2 60 167 70 177 0
000561011.bmp 39 218 48 226 2 127 240 135 249 2
000796007.bmp 132 57 150 69 2 141 47 153 60 2 108 38 123 51 2
001084006.bmp 95 175 105 182 1
001039005.bmp 20 103 32 116 2 38 166 47 176 2 71 187 91 200 2
000821008.bmp 22 117 40 137 0
000706011.bmp 137 119 149 133 0
000805004.bmp 134 52 146 62 2 112 35 124 45 2 78 185 94 196 0
000224011.bmp 46 163 75 183 1 100 29 127 48 2
000400005.bmp 61 20 82 34 0 71 96 81 108 2
000974011.bmp 65 164 75 172 0
000122005.bmp 88 22 107 35 1 102 36 119 50 2 114 184 130 197 2
000476001.bmp 74 81 88 94 1
000555010.bmp 87 26 100 39 0
000828006.bmp 15 106 28 129 0
000087008.bmp 118 23 139 40 0
000436010.bmp 33 97 58 127 0
000727008.bmp 97 212 120 228 0
000260001.bmp 67 201 95 214 1
000268007.bmp 68 157 78 167 1
000998002.bmp 72 108 99 136 0
000464008.bmp 26 87 48 111 0
000575011.bmp 60 136 79 153 0
000675004.bmp 9 92 23 112 1
000223006.bmp 132 70 143 85 1
000632004.bmp 73 147 82 154 1
001113008.bmp 57 139 72 152 0
000164010.bmp 93 29 113 48 1
000905005.bmp 38 214 58 233 2 32 111 53 129 0
000341005.bmp 144 139 171 172 1 53 117 65 130 2 36 135 48 145 2 127 130 141 143 2
000621004.bmp 122 190 138 204 0
000262009.bmp 114 228 134 245 2 38 206 47 215 2 29 141 36 153 2 14 149 25 167 2 114 96 124 108 2 128 95 147 113 2 130 193 149 214 2
000002003.bmp 79 199 107 215 1 46 94 62 113 2 42 128 55 144 2
000467004.bmp 88 24 104 37 0
000715007.bmp 56 42 64 48 1
000668009.bmp 79 24 101 37 0 32 150 42 158 2
000910008.bmp 69 23 84 34 0
000422009.bmp 106 91 126 105 1
000312009.bmp 38 35 60 55 0
000452005.bmp 27 76 44 96 0
000279007.bmp 23 152 41 173 0
000272007.bmp 114 35 136 54 0
000288007.bmp 28 78 40 89 2
000762006.bmp 147 118 156 130 2
000587010.bmp 69 21 86 32 0
000339004.bmp 68 26 85 41 1
000501001.bmp 86 87 100 101 2 66 81 84 100 1
000014011.bmp 151 189 166 203 0
001075002.bmp 67 158 85 169 0
000911001.bmp 79 174 105 186 0
000283002.bmp 68 18 86 29 0
000056009.bmp 140 52 153 65 1
000196006.bmp 28 181 41 196 2 37 115 46 124 2
000959004.bmp 64 24 83 44 0
000500007.bmp 33 186 56 213 0
000136008.bmp 81 176 99 186 0
000559008.bmp 125 54 143 79 0
000108005.bmp 76 21 96 37 1
000924006.bmp 39 103 45 111 1
000502008.bmp 28 48 40 63 2
000064006.bmp 49 28 61 36 2 44 40 52 47 2 69 155 79 166 2
000606009.bmp 41 46 50 55 2 109 151 114 157 2 105 164 120 176 0
000005003.bmp 108 186 126 202 0
000072004.bmp 47 62 71 84 0
000710003.bmp 81 181 95 191 0
000408009.bmp 86 183 93 190 2 95 183 101 190 2
000765003.bmp 95 243 123 263 0
001117007.bmp 78 198 87 207 0 62 49 73 59 2
000601002.bmp 98 107 106 114 1
000638007.bmp 53 149 62 157 2
000526011.bmp 61 32 85 49 0
000649010.bmp 93 24 117 38 0
000111007.bmp 76 203 99 221 0
000605002.bmp 76 21 94 34 0
000877009.bmp 66 54 93 71 0
000608007.bmp 58 140 70 152 0
000648001.bmp 58 158 68 168 1
000387007.bmp 55 162 73 174 0
001042005.bmp 100 94 121 109 1
000906008.bmp 89 25 110 43 0
000923011.bmp 151 151 167 163 2
000411009.bmp 28 95 49 116 0
000016011.bmp 22 75 41 95 0 71 64 76 69 2 63 66 70 72 2
000100008.bmp 71 168 90 181 0
000543007.bmp 67 20 91 33 0
000390010.bmp 44 106 58 120 1
000764003.bmp 20 140 33 161 1
000416009.bmp 136 147 147 160 2 137 176 152 197 2 139 208 149 221 2 143 225 156 238 2
001033008.bmp 92 20 112 35 1
000789002.bmp 82 191 102 204 0
000714006.bmp 151 85 162 96 0
000414007.bmp 30 39 47 55 0 131 161 150 178 1
000533008.bmp 65 37 79 48 1 89 42 99 54 2 103 44 111 50 2 110 57 117 64 2 63 159 74 173 2
000903011.bmp 82 202 106 217 0 157 84 166 95 2 109 105 118 113 2 61 134 68 142 2 156 131 165 139 2
000481006.bmp 67 20 82 34 0
000100002.bmp 83 169 99 179 0
000068011.bmp 42 55 54 67 2
000521004.bmp 32 43 61 62 0
000865006.bmp 91 45 129 65 1
000791004.bmp 122 57 131 64 2
000357001.bmp 87 151 102 164 0
000155002.bmp 41 45 55 57 2 56 61 70 79 2 46 85 58 99 2 131 101 143 115 2 106 180 119 193 2 58 20 80 38 1
000094009.bmp 93 259 117 274 0
000941006.bmp 154 95 167 120 0
000231009.bmp 65 25 84 36 1
000747009.bmp 72 168 85 177 0
000350002.bmp 17 99 31 125 0
000592006.bmp 115 118 132 139 0 120 108 128 116 2 69 114 76 122 2
000187006.bmp 71 18 89 30 0
001070001.bmp 35 147 46 160 2 154 54 160 61 2 40 133 46 140 2
000844003.bmp 176 116 184 125 2 170 133 180 142 2
000452004.bmp 71 78 92 99 0
000727001.bmp 134 55 144 64 2
000018009.bmp 93 20 115 37 0 41 154 55 168 2
000798004.bmp 123 185 143 200 0
000230005.bmp 98 225 111 237 0
001023011.bmp 15 105 24 118 2 20 141 28 153 2 95 57 103 67 2
000353004.bmp 59 140 79 153 0
000216004.bmp 123 95 145 126 0
001113007.bmp 58 141 76 157 0
000152008.bmp 44 72 62 94 1
000637005.bmp 45 141 59 152 1
000613005.bmp 89 21 107 34 1
000921004.bmp 90 242 107 257 0
000437002.bmp 74 17 90 32 1
000126008.bmp 65 16 79 29 0
000076005.bmp 32 106 49 129 1
000404001.bmp 183 143 204 173 0
000648010.bmp 79 160 93 171 1
000397007.bmp 60 187 71 200 2 87 150 97 161 2
000058010.bmp 14 117 29 145 0
000960001.bmp 105 23 127 35 0
000013010.bmp 101 22 123 38 0
000094006.bmp 58 67 88 84 1
000655005.bmp 58 103 77 118 0
000221008.bmp 69 20 88 32 0
000775008.bmp 61 85 87 110 0 71 59 76 65 2
000529002.bmp 69 163 105 183 0
000615002.bmp 58 97 69 108 2 49 123 57 132 2 74 143 89 156 2 77 158 87 167 2 89 154 114 177 2 79 176 91 188 2 81 199 93 210 2 110 122 125 139 2 35 159 54 182 2 62 233 75 244 2 44 131 71 167 2 58 107 83 133 2 80 86 95 100 2 96 100 106 109 2 84 107 97 119 2 131 208 142 220 2 162 168 176 179 2 176 170 184 179 2 155 180 165 190 2 155 189 166 201 2 173 183 189 202 2 175 213 188 230 2 185 132 197 143 2
000907007.bmp 49 163 58 175 2 85 224 99 238 0
000034011.bmp 45 78 57 90 2 76 79 95 92 2 110 26 121 35 2 118 49 127 57 2 126 58 137 70 2 160 78 168 86 2 153 97 163 109 2 136 128 147 138 2 82 132 90 140 2 85 141 93 151 2 159 149 169 158 2 153 155 162 163 2 58 237 68 248 2 17 122 35 139 2
000267004.bmp 65 19 84 32 0
000837001.bmp 42 34 66 46 0
001126003.bmp 162 176 173 190 2
000383004.bmp 8 143 22 170 0 138 134 163 157 2
000692010.bmp 23 117 30 125 2
000503010.bmp 74 190 96 204 0
001066011.bmp 113 175 120 181 1
000368011.bmp 84 168 94 174 1
000579010.bmp 127 118 135 126 2
000515002.bmp 47 26 62 40 0
000744004.bmp 64 19 79 28 0
000806003.bmp 67 196 81 206 0
000413001.bmp 73 235 102 251 1
000964011.bmp 127 43 139 56 1
000088005.bmp 121 31 141 45 1
000731003.bmp 86 45 100 55 2
000690004.bmp 77 141 95 156 2
001012007.bmp 82 186 103 198 0
000279001.bmp 172 139 190 154 0
000893008.bmp 75 24 92 40 0 93 91 111 106 2 105 178 119 191 2 169 141 179 159 2
000638009.bmp 63 170 73 179 0
000361006.bmp 63 205 92 226 0
000946002.bmp 46 95 64 117 2 43 44 52 51 2 58 51 76 62 2
000597001.bmp 36 35 57 51 0
000517009.bmp 79 135 91 148 1
000259009.bmp 87 57 95 64 2
000714011.bmp 7 85 19 101 0 58 152 65 159 2
000521002.bmp 75 49 108 69 0
000465006.bmp 47 93 57 104 1
000416004.bmp 69 241 92 253 0
000351003.bmp 25 37 44 80 2
000103004.bmp 8 116 20 130 0
000403003.bmp 85 177 100 189 0
000800009.bmp 65 85 87 98 1
000930009.bmp 58 24 73 38 0
000815002.bmp 28 120 49 141 0
000189002.bmp 110 253 135 273 0
000013011.bmp 89 21 111 37 0
000044002.bmp 77 196 93 210 0
000219005.bmp 40 65 52 77 1
001075010.bmp 66 157 84 169 0
001072004.bmp 77 74 94 86 0 148 194 160 208 2
000919001.bmp 142 122 176 163 1 152 117 165 131 2 117 166 127 175 2 116 173 130 186 2 106 157 120 171 2 127 193 139 208 2 116 201 125 211 2 83 210 94 220 2 113 111 126 123 2 109 90 127 108 2 129 81 146 97 2 130 66 148 81 2
000402009.bmp 65 181 81 196 0
001118007.bmp 81 182 94 192 0
000265006.bmp 96 201 116 216 0 77 24 103 39 1
000819008.bmp 75 207 91 220 0
000886009.bmp 77 22 89 31 0
000681010.bmp 105 169 122 183 0
000946007.bmp 85 102 102 116 2
000952001.bmp 114 37 124 47 0
001073006.bmp 66 21 93 35 1
000331008.bmp 80 19 105 35 0
000565007.bmp 80 20 99 34 0
001024011.bmp 47 72 56 80 2
000604008.bmp 88 85 96 94 2 108 74 118 84 2 103 39 118 54 2 25 113 41 133 2 137 98 150 112 2 134 118 151 132 2 150 112 162 124 2 156 120 165 129 2
000036004.bmp 62 19 82 32 0
000095001.bmp 120 27 141 40 1
001046006.bmp 132 82 143 96 1
000416002.bmp 82 130 95 142 2 79 157 98 181 2 88 190 101 206 2 100 208 118 224 2 114 235 132 248 0
000078008.bmp 63 20 87 37 0 61 60 69 68 2 44 132 53 142 2
001043004.bmp 71 17 84 29 0
000952011.bmp 43 128 52 136 2 104 172 124 184 0
000045003.bmp 49 85 66 103 1
001013011.bmp 79 30 100 44 0 60 95 65 102 2 67 122 73 128 2 54 95 59 101 2 64 87 69 93 2 69 77 74 83 2 83 82 90 89 2 98 82 104 89 2
001016007.bmp 82 245 96 260 0 65 97 96 124 2 34 108 47 120 2 34 137 48 155 2 30 177 40 188 2 40 193 66 210 2 133 160 144 174 2
000016006.bmp 60 86 70 96 2 48 120 53 126 2
000618010.bmp 68 173 75 180 2
000507004.bmp 139 62 152 74 1
000573010.bmp 66 109 76 119 2 45 36 52 43 2 114 129 120 137 2 70 146 78 155 2 119 128 125 136 2
000884008.bmp 60 42 71 51 2
001056010.bmp 80 160 117 174 0
000701001.bmp 60 112 67 118 2 104 26 123 42 1
000854001.bmp 84 47 98 59 1
000180011.bmp 71 192 87 205 2 76 204 93 219 0
000858011.bmp 74 180 101 194 0
001075004.bmp 72 160 85 170 0
000155004.bmp 62 104 74 116 2 55 182 69 191 2 64 21 84 35 1
000384002.bmp 17 92 26 104 1
000304005.bmp 96 23 115 34 0
000414001.bmp 144 32 167 56 0
000932011.bmp 60 84 68 92 2 68 22 82 33 0
000419008.bmp 55 78 84 92 1
001059005.bmp 73 191 86 203 0
000542002.bmp 37 26 65 41 0
000782005.bmp 74 195 90 210 0
000191010.bmp 105 94 125 120 0
000717008.bmp 79 21 95 33 1 118 73 126 80 2
000084011.bmp 89 24 110 40 0
000041002.bmp 65 22 93 37 0
000701005.bmp 61 20 83 32 1
000790006.bmp 124 189 139 200 0
000791005.bmp 86 56 93 65 2
000981007.bmp 73 176 97 190 0
000240002.bmp 103 149 120 165 0
000754003.bmp 83 18 93 28 0
000589011.bmp 27 39 43 56 0
000367010.bmp 113 187 134 202 0
000797001.bmp 134 48 159 71 0
000540001.bmp 184 116 198 138 0
000770008.bmp 111 37 120 46 2 101 41 106 47 2 94 42 100 48 2 102 49 108 55 2 111 56 117 62 2
001039002.bmp 84 21 98 35 0 125 88 141 102 2 120 153 132 165 2 124 174 142 187 2
000322002.bmp 180 89 196 113 1
000072009.bmp 33 99 47 115 1
000735002.bmp 97 22 111 32 0
000967007.bmp 90 191 105 201 0
000846005.bmp 68 179 90 191 0
000250002.bmp 105 30 126 46 0
001067001.bmp 67 217 91 234 1
000108002.bmp 54 164 84 179 0
000605009.bmp 67 22 76 33 0
000840006.bmp 21 170 41 206 2 45 174 54 184 2 47 143 55 156 2 67 163 78 172 2 59 174 72 195 2 107 124 119 143 2 99 96 111 106 2 136 135 146 147 2 144 136 153 146 2 143 119 152 130 2 157 147 166 157 2
000168007.bmp 59 27 75 38 0
000658001.bmp 170 99 187 118 1
000216009.bmp 134 92 145 107 1
000383006.bmp 27 138 62 162 2 88 151 111 173 1
000625003.bmp 79 21 103 33 0
000059004.bmp 50 67 59 76 2
001024006.bmp 51 88 63 116 2 56 63 72 77 2
000993011.bmp 91 72 101 84 2 103 123 112 133 2 128 117 138 127 2 114 141 120 149 2 73 179 83 188 2 78 149 88 158 2 68 158 77 168 2 65 152 75 160 2
000765007.bmp 38 219 59 236 0 104 68 116 78 2
000153006.bmp 154 145 165 155 2
000460007.bmp 62 242 82 256 0
000917003.bmp 154 62 167 79 0
000822008.bmp 68 61 96 82 0
000943008.bmp 79 202 90 214 0
000736002.bmp 74 176 81 183 2
000611009.bmp 63 182 86 201 0
000313004.bmp 104 237 124 253 0
000987010.bmp 86 24 105 37 0
001063004.bmp 93 52 105 62 2
000292008.bmp 112 76 142 106 0
001001004.bmp 64 17 82 30 0
000830005.bmp 88 197 96 204 2 69 25 93 42 0
000156001.bmp 86 24 110 41 0
000685007.bmp 68 176 88 187 0
000243002.bmp 77 169 93 182 0
000939008.bmp 71 22 83 34 0 60 108 67 118 2
000089007.bmp 127 69 141 85 2
000312001.bmp 103 158 111 168 1
000590001.bmp 160 155 178 176 2 131 183 158 209 2 77 235 95 246 2
000459003.bmp 79 163 105 177 0
001041007.bmp 48 29 70 41 0 69 81 79 90 2
001123011.bmp 96 26 107 35 0
000415005.bmp 141 115 151 128 1
000465008.bmp 146 88 157 101 0
000260002.bmp 55 191 78 206 1
000373006.bmp 115 66 124 76 2 84 17 100 31 0
000051009.bmp 98 160 121 179 0
000339011.bmp 73 180 98 199 0
000461007.bmp 45 114 68 138 0
000279004.bmp 102 149 128 175 0
000205005.bmp 89 262 108 279 0
000552005.bmp 77 202 92 215 0
000937005.bmp 69 204 82 218 1 105 19 117 29 0
