000335005.bmp 96 94 110 109 1
000284001.bmp 90 27 113 39 1
000436002.bmp 71 100 84 114 1
000415007.bmp 74 124 87 135 1
001022006.bmp 84 177 92 184 1
000327001.bmp 125 150 142 166 1
001033008.bmp 92 20 112 35 1
000515008.bmp 36 163 54 181 1
000597005.bmp 78 154 92 164 1 126 123 133 129 2
000072007.bmp 112 101 126 119 1
001126009.bmp 96 26 117 39 1
000103005.bmp 161 77 171 88 1
001084006.bmp 95 175 105 182 1
000507007.bmp 38 59 50 74 1
000565003.bmp 55 159 64 167 1
000282009.bmp 95 17 118 31 1 117 167 130 181 2
000670010.bmp 89 51 101 62 1
000191006.bmp 61 75 74 87 1
000263010.bmp 78 83 88 92 1
000085008.bmp 67 22 81 34 1
000152009.bmp 17 70 31 89 1
000610008.bmp 95 20 117 34 1
000483011.bmp 95 23 111 37 1
000779001.bmp 156 84 169 97 1
000103006.bmp 136 84 150 98 1
000206011.bmp 85 20 101 33 1
000634005.bmp 85 195 106 208 1
000014005.bmp 151 67 166 80 1
001046008.bmp 51 85 63 98 1
000596002.bmp 35 136 45 146 1
000686007.bmp 24 154 37 173 1
000766008.bmp 95 112 107 124 1
000322002.bmp 180 89 196 113 1
000050004.bmp 39 32 55 48 1
000717008.bmp 79 21 95 33 1 118 73 126 80 2
000822001.bmp 112 138 126 149 1
000491008.bmp 73 30 84 37 1
000564001.bmp 89 189 106 199 1
000384001.bmp 45 81 56 95 1
000379009.bmp 109 33 126 52 1
000327004.bmp 44 154 59 169 1
000444008.bmp 56 165 65 172 1
001124004.bmp 104 177 113 187 1
000119003.bmp 65 64 91 83 1
000217002.bmp 133 230 150 248 1
000620008.bmp 125 42 136 54 1
000783007.bmp 25 66 37 78 1
000562003.bmp 107 20 123 34 1 26 104 32 111 2 144 176 151 185 2
000450011.bmp 82 151 90 160 1
000323004.bmp 88 89 104 106 1
000002002.bmp 84 92 99 110 2 85 199 112 212 1 75 126 92 144 2 35 167 44 178 2 131 156 143 167 2
000758011.bmp 73 177 85 187 1
000179004.bmp 56 37 70 49 1
001075004.bmp 72 160 85 170 0
000507004.bmp 139 62 152 74 1
000494003.bmp 129 123 143 142 1
000169003.bmp 89 225 113 239 1
001029010.bmp 109 89 131 108 1
000971002.bmp 147 55 164 75 1
000265006.bmp 96 201 116 216 0 77 24 103 39 1
000002004.bmp 21 93 34 112 2 70 199 100 213 1 92 21 114 36 0 16 126 30 145 2
000687003.bmp 72 20 87 31 1
000476002.bmp 36 86 47 97 1
000695006.bmp 71 166 84 176 1
000730011.bmp 85 152 92 159 1
000174001.bmp 96 226 113 238 1
001029007.bmp 213 70 230 92 1
000254008.bmp 77 24 112 42 1
000200011.bmp 68 26 86 40 1
000331001.bmp 102 189 120 204 1
000899008.bmp 88 24 99 32 1
001069008.bmp 182 149 196 166 1 17 125 25 135 2
001028002.bmp 77 213 102 226 1
000104001.bmp 43 90 52 101 1
000152008.bmp 44 72 62 94 1
000056011.bmp 88 62 101 75 1
000019004.bmp 87 219 103 231 1
000384011.bmp 61 96 72 107 1
000385011.bmp 80 154 92 163 1
000673008.bmp 43 154 64 170 0 102 42 111 49 1
000376008.bmp 133 71 145 86 1
000954001.bmp 82 105 95 117 1
000028008.bmp 104 247 132 265 1
000985010.bmp 43 143 56 156 2 25 155 34 165 2 43 120 51 128 2 50 113 56 122 2 145 59 160 74 2 192 112 201 123 2 98 19 117 35 1
000195002.bmp 99 23 115 37 1
000069011.bmp 76 24 109 40 1
001038008.bmp 90 22 105 36 1
000549003.bmp 66 66 103 88 1
000606004.bmp 87 91 99 102 2 100 22 113 32 1
000346011.bmp 97 18 114 34 1
001126010.bmp 81 23 104 38 1
000645010.bmp 66 131 74 137 2 32 124 39 131 1
001069010.bmp 90 153 108 169 1
000774006.bmp 66 133 79 146 1
000125011.bmp 13 105 30 124 1
001063003.bmp 79 206 101 220 1 124 54 132 62 2
000485003.bmp 86 178 100 190 0 70 25 79 33 1
001070008.bmp 96 198 108 207 1
000211001.bmp 31 34 47 49 1
001000007.bmp 61 26 78 40 1
001002003.bmp 66 173 73 180 1
000941004.bmp 40 80 51 92 1
000025002.bmp 141 145 153 159 2 103 23 122 36 1
000763007.bmp 63 24 80 39 1
000617002.bmp 136 140 146 149 1
000125001.bmp 73 99 83 110 1
000603004.bmp 87 240 103 254 1
000711005.bmp 82 24 98 35 1
000686006.bmp 40 153 55 170 1
001018007.bmp 80 106 87 115 1
000148002.bmp 86 30 102 42 1
000546004.bmp 122 83 135 99 1
000526006.bmp 60 157 71 165 1
001126008.bmp 17 149 24 162 2 110 23 131 38 1
000740011.bmp 104 221 124 234 1
000783005.bmp 74 66 86 76 1
000323005.bmp 46 98 61 114 1
000895011.bmp 147 105 156 119 1
000347008.bmp 184 115 196 131 1
000916002.bmp 73 192 84 201 1
000655001.bmp 102 212 113 223 1
000588011.bmp 52 169 73 183 1
000282005.bmp 121 26 144 42 1
000447002.bmp 97 31 110 38 1
000217003.bmp 108 211 120 222 1
000739001.bmp 28 62 41 73 1
000268007.bmp 68 157 78 167 1
000063004.bmp 90 22 113 39 1 62 129 72 141 2
000025003.bmp 92 20 111 34 1 97 149 106 157 2
000637004.bmp 77 146 91 158 1
001126007.bmp 37 151 49 162 2 123 25 141 36 1
000011002.bmp 36 226 61 248 1
001042004.bmp 132 87 149 101 1
001086005.bmp 52 47 61 57 1
000701003.bmp 76 19 101 29 1
000786001.bmp 107 35 119 43 1
000292005.bmp 28 112 37 125 1
001097011.bmp 74 200 99 214 1
000645011.bmp 38 129 44 137 1
000045003.bmp 49 85 66 103 1
000691011.bmp 80 160 89 168 1
000637002.bmp 46 26 60 39 0 132 146 146 160 1
000891009.bmp 46 37 56 45 1
000719011.bmp 139 108 151 126 1
001052004.bmp 11 143 34 185 1
000275003.bmp 100 21 123 38 1
000619003.bmp 75 20 111 36 1 112 138 120 146 2 76 179 86 187 2 72 149 78 156 2
000219004.bmp 72 68 87 84 1
000783004.bmp 114 70 125 82 1
000774007.bmp 33 123 46 139 1
000567005.bmp 119 47 128 55 1
000119001.bmp 138 55 168 75 1
000125002.bmp 36 103 46 115 1
000354010.bmp 91 38 102 46 1
000987007.bmp 52 149 61 157 1
000216009.bmp 134 92 145 107 1
000068008.bmp 127 42 145 62 1
000464001.bmp 54 91 67 107 1
000312002.bmp 69 154 82 163 1
000751008.bmp 76 25 88 33 1
000726006.bmp 96 35 116 47 1
001006003.bmp 113 218 129 232 1
000828008.bmp 156 93 167 105 1
000404006.bmp 163 157 194 197 1
000065003.bmp 66 198 100 218 1 36 124 44 131 2
000411002.bmp 68 111 80 123 1
000339002.bmp 97 29 113 41 1 63 183 77 197 0
000637005.bmp 45 141 59 152 1
000319003.bmp 52 26 73 39 1
000203003.bmp 109 84 121 101 1
000998009.bmp 36 50 44 59 1
000350006.bmp 114 123 129 137 1
000686004.bmp 104 153 119 170 1
000484004.bmp 77 165 96 178 1 106 47 116 56 2
000300004.bmp 29 56 43 69 1
000601002.bmp 98 107 106 114 1
001006006.bmp 77 215 94 232 1
000177009.bmp 196 169 213 195 1
000659005.bmp 101 242 116 256 1
000155005.bmp 59 25 75 39 1 30 110 41 121 2 37 186 46 196 2
000939006.bmp 70 177 83 187 1 148 103 155 112 2
000125010.bmp 43 104 56 117 1
000056009.bmp 140 52 153 65 1
000722005.bmp 45 29 59 42 1
000695004.bmp 133 159 147 175 1
000800002.bmp 104 69 127 84 1
000992008.bmp 89 23 108 35 1
000360010.bmp 119 28 142 44 1
000589007.bmp 26 112 38 124 1
000227003.bmp 63 87 73 96 1
000714004.bmp 84 100 95 111 1
000949010.bmp 28 40 41 56 1
000924005.bmp 81 98 90 107 1
000617003.bmp 116 146 128 157 1
000785003.bmp 109 61 117 70 1
000379010.bmp 88 35 101 46 1
000585005.bmp 89 20 111 32 1
000414008.bmp 118 172 129 183 1
000603002.bmp 115 248 133 258 1
000924004.bmp 130 102 139 112 1
000565002.bmp 74 160 81 166 1
000774004.bmp 137 121 152 135 1
000506001.bmp 100 29 110 36 1
000651010.bmp 89 156 96 163 2 77 200 94 211 1
000665007.bmp 119 118 129 126 1
001054004.bmp 79 217 94 228 1
000200009.bmp 87 15 106 30 1
000332009.bmp 64 166 75 175 1
001067001.bmp 67 217 91 234 1
000413001.bmp 73 235 102 251 1
001021002.bmp 69 24 76 30 1
000088008.bmp 92 26 108 38 1
000238005.bmp 81 22 115 37 1
000399009.bmp 114 189 126 201 1
000318004.bmp 102 19 128 37 1
000173010.bmp 69 26 93 45 1
000450001.bmp 63 154 75 164 1
000353008.bmp 57 39 71 52 2 59 137 77 154 0 57 21 72 33 1
001006005.bmp 87 223 107 241 1
001119005.bmp 88 180 101 192 1
000040007.bmp 157 151 168 161 1
000436001.bmp 115 107 131 121 1
000320004.bmp 39 44 50 52 1
000517008.bmp 126 133 138 147 1
001017005.bmp 86 21 107 38 1 102 177 111 185 2
000337006.bmp 42 152 81 200 1 132 223 150 239 2
000095002.bmp 107 21 125 34 1
000775003.bmp 39 101 50 113 1 160 91 168 101 2
000872005.bmp 29 136 39 147 1
000496004.bmp 11 73 22 89 1 146 85 155 97 0
000590005.bmp 34 129 47 143 2 13 161 25 191 1
000383006.bmp 27 138 62 162 2 88 151 111 173 1
000138009.bmp 53 193 76 216 1
000842007.bmp 63 153 77 162 1
000525011.bmp 58 165 65 172 1
000905001.bmp 57 203 81 222 1
000405008.bmp 85 26 95 35 1
000494005.bmp 42 107 54 124 1
000846001.bmp 130 55 141 65 2 63 28 82 36 1 106 180 125 189 0
000757003.bmp 85 18 104 30 1
000854002.bmp 57 43 69 53 1
000721002.bmp 94 75 114 86 1 126 150 145 170 2 88 202 102 219 2 105 188 120 203 2 119 182 144 218 2 163 149 173 168 2 157 154 166 175 2 144 191 154 204 2 140 202 162 226 2 155 190 165 204 2
000026003.bmp 121 32 134 43 1
001073007.bmp 57 25 79 35 1
000811010.bmp 77 28 90 38 1
000483001.bmp 120 55 129 64 2 64 27 86 41 1
000399010.bmp 103 189 122 202 1
001038007.bmp 95 25 110 37 1
000104010.bmp 137 92 149 103 1 111 174 120 182 2
000067008.bmp 60 161 82 185 1
001089005.bmp 124 89 135 101 1
000077002.bmp 76 173 95 184 0 74 21 88 31 1
000304011.bmp 88 180 101 188 1
000505009.bmp 69 22 83 31 1
000173001.bmp 68 27 90 40 1 97 188 119 201 0
000629002.bmp 152 80 162 94 1
000069010.bmp 42 46 54 59 2 82 17 109 32 1
000757002.bmp 88 23 111 34 1
000327002.bmp 95 156 111 171 1
000160009.bmp 93 75 112 93 2 90 137 102 146 2 117 136 135 153 1 125 95 138 112 2 130 77 143 91 2 149 84 159 94 2 133 175 150 192 2
000588008.bmp 113 171 131 183 1
000860007.bmp 34 34 59 48 1
000950006.bmp 78 30 92 39 1
000279008.bmp 171 54 179 66 1
000578007.bmp 23 134 34 148 2 48 148 57 157 2 65 67 78 79 2 40 107 48 115 2 90 208 111 220 1
000688005.bmp 88 140 99 153 2 156 150 166 173 1
000835001.bmp 73 183 108 212 1
000152006.bmp 116 70 134 88 1
000298004.bmp 94 21 112 36 1
000320003.bmp 61 41 73 52 1
000499001.bmp 25 101 34 110 1
000189008.bmp 82 72 111 93 1
000319001.bmp 82 25 99 38 1
000755008.bmp 31 110 41 119 1
001044008.bmp 77 188 94 199 1
000231009.bmp 65 25 84 36 1
000173011.bmp 64 32 86 48 1 100 191 114 204 0
000763006.bmp 78 22 95 38 1
000588010.bmp 69 169 90 181 1
000739009.bmp 133 68 147 80 1
000088009.bmp 81 28 94 36 1
000272003.bmp 106 143 116 155 1
000590003.bmp 108 145 134 173 1 145 114 159 124 2 35 182 55 206 2 32 208 55 233 2
001000006.bmp 57 26 77 43 1
000749008.bmp 151 66 165 81 1
000779002.bmp 127 79 140 92 1
000739010.bmp 93 61 110 74 1
000568007.bmp 95 183 106 192 1
000592004.bmp 40 51 48 59 1
000144001.bmp 83 19 102 32 1
000153010.bmp 21 139 30 149 2 76 214 97 229 1
000390010.bmp 44 106 58 120 1
000347011.bmp 75 119 89 133 1 164 100 175 114 2
000465007.bmp 20 99 29 112 1
000404007.bmp 114 165 157 207 1
000766006.bmp 150 116 160 127 1
001086001.bmp 194 102 204 114 1
000515005.bmp 95 175 106 185 1
000384009.bmp 145 90 153 99 1
000132010.bmp 85 18 101 33 1
000577011.bmp 97 243 137 261 1 160 218 178 233 2 111 104 120 113 2
000367006.bmp 81 17 103 32 1
000367005.bmp 97 19 117 30 1
000659008.bmp 82 241 100 255 1
000620009.bmp 97 47 109 57 1
000526005.bmp 79 165 90 172 1
000648010.bmp 79 160 93 171 1
000601009.bmp 124 84 132 93 1
000294001.bmp 66 21 91 33 1
000691001.bmp 70 160 80 170 1
000160008.bmp 164 126 177 142 1 140 66 154 84 2 164 71 178 84 2 167 87 177 101 2 140 123 152 139 2 163 169 176 183 2
000492003.bmp 65 240 94 258 1
000435007.bmp 106 22 125 37 1
001018005.bmp 156 92 164 103 1
000022010.bmp 52 25 64 35 1
000018001.bmp 68 46 81 58 2 25 106 40 123 2 58 123 69 134 2 28 168 37 181 2 93 161 103 171 2 128 177 137 185 2 107 214 129 227 1
000535007.bmp 114 154 128 169 1
000613005.bmp 89 21 107 34 1
000037009.bmp 19 178 33 197 1 110 201 143 225 2
000327005.bmp 28 152 44 166 1 138 42 151 57 0
001129009.bmp 29 130 37 138 1
000227004.bmp 25 86 34 95 1
000533007.bmp 31 95 38 103 2 93 160 104 170 2 88 36 101 45 1 142 58 148 64 2 118 41 127 51 2 127 42 137 51 2
000312003.bmp 47 146 58 154 1
000282011.bmp 74 21 108 41 1 46 178 59 190 2
000941002.bmp 133 82 147 92 1
000126003.bmp 60 155 77 169 1
000282008.bmp 100 16 129 33 1 154 169 166 182 2
000719002.bmp 118 116 125 125 1
000322003.bmp 148 92 167 110 1
000500011.bmp 142 45 155 55 1
000701001.bmp 60 112 67 118 2 104 26 123 42 1
000461011.bmp 169 99 180 111 1
001071002.bmp 58 86 75 100 1
000292003.bmp 101 103 110 115 1
000148003.bmp 70 29 85 43 1
000634006.bmp 81 191 103 204 1
000845008.bmp 96 30 108 38 1
001108005.bmp 25 124 35 139 1
001126011.bmp 70 22 91 35 1
000950007.bmp 66 34 80 43 1 130 64 141 77 2
000138003.bmp 10 172 29 196 1
000688007.bmp 39 156 61 181 1
000127010.bmp 79 17 118 35 1 119 46 135 64 2 156 102 172 122 2
000295002.bmp 86 21 102 34 1
000941005.bmp 16 80 25 90 1
001073006.bmp 66 21 93 35 1
000695003.bmp 154 159 170 176 1
000496003.bmp 31 77 41 88 1
000420002.bmp 68 26 80 34 1 81 150 98 162 2 93 114 106 126 2 109 82 118 89 2
000971006.bmp 68 25 81 35 1 125 166 131 174 2
000431008.bmp 40 144 53 160 1 63 83 73 93 1
000919003.bmp 115 62 148 85 2 130 88 142 100 2 140 84 154 99 2 153 96 166 116 2 125 100 140 114 2 101 88 118 102 2 72 68 87 77 2 50 78 65 94 2 29 89 41 103 2 22 107 34 119 2 26 169 38 182 2 15 151 27 164 2 20 160 31 170 2 32 189 49 206 2 47 118 88 159 1 62 117 74 126 2
000397005.bmp 86 233 102 244 1 119 178 132 193 2 150 142 162 153 2
000014007.bmp 98 58 114 70 1
000263011.bmp 33 82 42 91 1
000956010.bmp 91 29 103 38 1
000434009.bmp 32 133 43 145 1
001099009.bmp 24 56 33 66 1
000003006.bmp 100 177 115 193 2 133 78 143 91 2 154 78 164 90 2 81 237 108 252 1
000486010.bmp 75 29 92 40 1
000670002.bmp 42 52 54 63 1
000298002.bmp 85 220 101 233 0 108 26 124 40 1
000496011.bmp 103 74 114 87 1
000415008.bmp 44 123 54 134 1
000976005.bmp 64 238 87 254 1
000067009.bmp 33 173 51 197 1
000619002.bmp 111 178 120 185 2 145 134 153 144 2 81 21 118 35 1
000562004.bmp 102 19 119 35 1
000458002.bmp 157 77 170 89 1
000002003.bmp 79 199 107 215 1 46 94 62 113 2 42 128 55 144 2
000619004.bmp 72 132 82 141 2 48 174 56 183 2 74 19 105 34 1
000994005.bmp 53 35 65 47 1
000597003.bmp 137 148 147 160 1 103 85 110 93 2
000659006.bmp 93 240 115 254 1
000822002.bmp 85 141 98 154 1
001017006.bmp 78 179 87 188 2 75 25 93 41 1
000987005.bmp 88 152 97 160 1
000390002.bmp 7 96 21 113 1
000460003.bmp 62 75 90 89 1
000434006.bmp 112 128 123 141 1
000319002.bmp 67 25 85 37 1
000343004.bmp 99 202 109 210 1 22 102 32 113 2
000295001.bmp 100 24 113 38 1
001017007.bmp 62 21 85 36 1
000164011.bmp 80 19 99 32 1
000295004.bmp 65 17 82 31 1
000379002.bmp 40 39 56 53 1
000376011.bmp 22 73 34 88 1
000629006.bmp 25 76 38 92 1
000755007.bmp 63 117 76 125 1
000489008.bmp 72 230 91 245 1
000882011.bmp 86 147 96 155 1
000575005.bmp 116 41 126 51 1
000300003.bmp 60 64 72 76 1
000715005.bmp 98 33 107 40 1
000420003.bmp 50 156 61 166 2 49 122 59 132 2 62 88 71 97 2 61 139 68 146 2 48 22 70 38 1
000265007.bmp 127 107 136 119 2 77 18 111 35 1 87 195 112 212 0
000898002.bmp 65 244 93 260 1
001109006.bmp 54 29 63 39 1
001022007.bmp 65 174 73 182 1
000568008.bmp 71 183 83 192 1
000354011.bmp 77 40 89 50 1
000414010.bmp 70 163 80 176 1
000238004.bmp 18 99 24 108 2 79 23 111 37 1
001002011.bmp 99 53 110 62 2 17 93 26 104 2 97 177 116 188 1
000891008.bmp 69 36 78 43 1
000780004.bmp 97 213 139 231 1
000026005.bmp 81 26 92 35 1
001018008.bmp 40 103 50 112 1
000903005.bmp 40 68 54 80 1 37 38 56 52 2 58 33 67 43 2
000845009.bmp 71 31 81 40 1
001022005.bmp 106 174 114 180 1
000700004.bmp 81 37 134 58 1
000138001.bmp 129 164 147 184 1
000621003.bmp 62 33 75 43 1
000838004.bmp 80 31 89 37 1 73 169 90 180 0
000487007.bmp 98 42 110 52 1
001054003.bmp 93 210 105 220 1
000063006.bmp 63 18 93 36 1
000387010.bmp 93 36 102 45 1
001046009.bmp 19 86 29 97 1
000238007.bmp 90 19 121 35 1
001054002.bmp 103 209 120 222 1
000300001.bmp 139 63 151 74 1
000417005.bmp 66 141 85 152 1
000339003.bmp 82 25 95 39 1
000797008.bmp 135 195 150 206 1
000786003.bmp 70 25 81 35 1
000589006.bmp 52 120 62 130 1
000144002.bmp 74 21 91 34 1
000701004.bmp 69 22 94 35 1
000658005.bmp 11 91 26 115 1
000722004.bmp 64 32 75 40 1
000046010.bmp 57 38 68 45 1
001093004.bmp 128 142 139 153 1
000768007.bmp 34 153 50 169 1
000839007.bmp 107 28 120 38 1
000652003.bmp 93 202 103 211 1
000675002.bmp 59 103 77 119 1
001124005.bmp 87 183 98 192 1
000238006.bmp 82 22 117 37 1
000655003.bmp 25 207 37 216 1
000211010.bmp 66 33 80 43 1
000019005.bmp 82 216 95 226 1
000515007.bmp 55 165 65 175 1
000665009.bmp 41 122 49 130 1
000689001.bmp 85 225 102 240 1
000918001.bmp 70 20 88 35 1
000670011.bmp 46 47 62 60 1
000839006.bmp 124 29 135 39 1
000323002.bmp 149 90 161 107 1
000700002.bmp 93 37 134 58 1
000312001.bmp 103 158 111 168 1
000517010.bmp 41 135 52 146 1
000629003.bmp 128 80 141 96 1
000005010.bmp 88 19 108 31 1 73 185 83 197 0
000332007.bmp 90 166 100 176 1
001077004.bmp 63 98 77 109 1
000435006.bmp 121 26 137 38 1
001046007.bmp 99 88 110 102 1
000037007.bmp 133 175 151 193 1
001042007.bmp 29 96 48 112 1
000715007.bmp 56 42 64 48 1
000358003.bmp 144 125 159 141 1
000298003.bmp 100 21 120 35 1
000155001.bmp 63 41 76 56 2 38 70 48 84 2 92 60 105 76 2 68 20 95 38 1 85 85 97 98 2 156 104 167 116 2 129 180 142 192 2 75 127 85 139 2
000486009.bmp 85 24 103 38 1
001029011.bmp 63 74 85 96 1
000485002.bmp 80 175 94 187 0 82 21 90 29 1
000229005.bmp 86 227 106 242 1
000376001.bmp 25 81 35 94 1
000570009.bmp 83 190 97 201 1
000458003.bmp 129 83 141 94 1
000183008.bmp 136 69 149 82 1
000138002.bmp 61 170 77 189 1
000486008.bmp 94 22 109 35 1
000377006.bmp 24 67 36 79 1
000691010.bmp 101 165 110 174 1
000985011.bmp 81 25 98 40 1 18 151 29 161 2 18 128 27 137 2 113 65 130 86 2 162 116 179 134 2
000494004.bmp 85 118 97 134 1
000005011.bmp 85 26 97 37 1
000461002.bmp 24 80 32 91 1
000051006.bmp 35 45 43 52 1
000780003.bmp 33 75 44 86 2 30 92 42 102 2 112 218 143 238 1
000318006.bmp 83 21 102 34 1
000040006.bmp 22 97 28 105 2 183 155 196 167 1
000924007.bmp 17 94 24 102 1
001069011.bmp 59 165 76 181 1
000766009.bmp 53 117 66 130 1
000456004.bmp 34 84 42 96 1
000300002.bmp 102 67 113 78 1
000492004.bmp 51 238 75 260 1
000828009.bmp 122 94 135 107 1
001044007.bmp 88 189 100 201 1
000726003.bmp 153 42 174 56 1
000956011.bmp 75 37 85 45 1
000729007.bmp 31 107 48 121 2 71 75 91 88 1 27 124 47 142 2 44 132 56 153 2 44 152 64 171 2 61 133 82 147 2 111 220 129 237 2 114 199 133 215 2 133 174 149 199 2 79 147 95 162 2 87 121 107 141 2 85 137 96 147 2 173 173 182 187 2
000046009.bmp 74 39 83 46 1
000546006.bmp 36 70 45 83 1
000318008.bmp 58 30 82 44 1
000689002.bmp 56 227 75 241 1
000576011.bmp 45 40 55 47 1
000706001.bmp 39 52 49 60 1
001033006.bmp 110 24 130 37 1
000729005.bmp 109 76 126 90 1 126 110 143 124 2 136 129 161 147 2 158 134 172 158 2 165 155 178 177 2 171 137 182 151 2 177 149 188 162 2
001021010.bmp 75 28 82 34 1
000590002.bmp 93 167 119 190 2 73 195 98 215 2 108 246 134 257 2 170 129 192 156 1 187 102 195 111 2
001029009.bmp 150 84 170 102 1
000824004.bmp 98 75 123 90 1
000610007.bmp 101 21 120 30 1
001129005.bmp 151 127 158 136 1
000053009.bmp 80 209 96 223 1
001038010.bmp 70 25 91 37 1
000939005.bmp 70 21 89 33 0 83 179 98 189 1
000238003.bmp 32 93 44 105 2 87 22 114 37 1
000458006.bmp 20 86 30 97 1
000367007.bmp 68 25 87 36 1
000085006.bmp 82 20 98 31 1
000405007.bmp 59 171 72 182 0 99 28 111 37 1
000211011.bmp 49 38 63 51 1
001087011.bmp 134 152 147 164 2 65 26 86 40 1
001052002.bmp 114 132 152 168 1
000076003.bmp 108 103 126 122 1
000370011.bmp 84 194 101 207 1 95 29 103 38 1
001087008.bmp 104 27 127 47 1 53 147 62 158 2
001074011.bmp 95 241 126 257 1
000739011.bmp 53 52 68 62 1
001018009.bmp 16 107 22 116 1
000377005.bmp 50 61 60 74 1
000872004.bmp 57 135 71 147 1
000817008.bmp 120 61 130 71 1
001131002.bmp 88 26 125 42 1
000652005.bmp 71 197 82 208 1
000544005.bmp 62 143 74 154 2 40 157 49 166 2 121 166 132 174 2 101 34 111 43 2 80 208 95 219 1
000348008.bmp 104 38 115 45 1
000976006.bmp 49 245 70 261 1
001022008.bmp 46 169 55 176 1
000811009.bmp 88 26 102 35 1
000786002.bmp 91 27 101 35 1
000815006.bmp 57 63 66 72 1
000512011.bmp 98 20 125 34 1
001009003.bmp 80 76 106 94 1
000040008.bmp 113 156 124 167 1
000714005.bmp 39 98 48 108 1
000508006.bmp 68 28 80 39 1
000127009.bmp 93 18 124 33 1 147 46 160 59 2 178 102 189 123 2
000323006.bmp 20 93 33 107 1
000537009.bmp 138 107 149 121 1
000322008.bmp 36 30 61 51 1
000950005.bmp 99 29 112 39 1
000515004.bmp 111 170 130 185 1
000651009.bmp 123 159 130 168 2 83 202 98 214 1
000603003.bmp 101 244 118 257 1
000410001.bmp 98 64 118 77 1
000417006.bmp 59 141 74 152 1
000937003.bmp 104 17 118 28 0 85 206 99 219 1
000425004.bmp 67 254 105 270 1
000383007.bmp 10 136 23 158 2 28 143 47 169 1
000108004.bmp 55 167 71 178 0 90 23 111 40 1
000815005.bmp 101 65 111 74 1
000279010.bmp 129 43 144 61 1
000476003.bmp 9 81 25 97 1
000559006.bmp 26 115 34 123 1
000217005.bmp 49 224 68 240 1
000137003.bmp 77 115 89 123 2 110 38 120 46 2 60 19 79 29 1 123 145 134 155 2
000422009.bmp 106 91 126 105 1
000156006.bmp 84 159 104 171 1
000958010.bmp 85 26 97 37 1
000265009.bmp 75 22 103 33 1 76 200 96 214 0 51 112 60 123 2 156 76 167 91 2
000797011.bmp 64 182 76 194 1
000095003.bmp 89 15 111 31 1
000658002.bmp 127 97 149 118 1
000456001.bmp 154 80 164 90 1
000592002.bmp 106 54 114 62 1
000436004.bmp 15 106 22 119 1
000219002.bmp 149 76 163 90 1
000404009.bmp 22 168 53 212 1
000195001.bmp 116 29 131 41 1
000749009.bmp 124 57 133 66 1
001070009.bmp 84 201 97 210 1
000275007.bmp 49 24 71 40 1
000087002.bmp 93 248 115 265 1
000722003.bmp 89 32 104 44 1
000567006.bmp 93 40 102 49 1
000726008.bmp 51 37 83 67 1
000721004.bmp 17 177 34 212 2 32 188 42 200 2 44 186 54 196 2 49 194 60 204 2 41 198 53 220 2 15 144 28 164 2 49 145 65 162 2 64 121 90 141 2 80 72 104 86 1
000905007.bmp 53 207 72 226 1
000528004.bmp 128 72 136 81 1
000512010.bmp 106 32 141 51 1
000104011.bmp 105 93 117 104 1 87 174 96 184 2
000201007.bmp 124 81 148 105 1
000322006.bmp 57 38 74 56 1
000757004.bmp 71 21 90 30 1 168 122 176 131 2
000783006.bmp 44 58 54 69 1
000341007.bmp 30 167 51 194 1 137 224 156 245 2 17 156 27 170 2
000924006.bmp 39 103 45 111 1
001079001.bmp 66 75 76 85 1
000729006.bmp 86 71 108 86 1 69 104 91 117 2 144 117 161 138 2 124 130 146 145 2 143 145 158 158 2 146 136 157 146 2 111 150 129 167 2 102 129 120 150 2 76 121 105 140 2 162 191 178 211 2 150 214 168 232 2 175 170 187 190 2
001109004.bmp 89 27 96 33 1
000148001.bmp 64 182 77 195 0 102 32 118 45 1
001131001.bmp 100 22 136 40 1
000103009.bmp 33 63 43 75 1
000160010.bmp 52 105 64 116 2 41 163 53 173 2 85 103 101 119 2 74 121 88 138 2 106 108 117 122 2 96 200 111 212 2 72 166 85 178 1
000090005.bmp 155 151 172 176 1
000419008.bmp 55 78 84 92 1
000887003.bmp 39 36 54 52 1
000814011.bmp 104 112 117 125 1
001119006.bmp 64 175 76 186 1
000411003.bmp 40 114 52 126 1
000320002.bmp 97 48 107 60 1
000223009.bmp 17 69 26 81 1
000254007.bmp 80 23 122 42 1
000114009.bmp 81 236 119 254 1 157 119 168 133 2
001093005.bmp 94 137 105 146 1
000461001.bmp 50 73 62 85 1
000077001.bmp 79 175 97 185 0 81 22 93 31 1
000387011.bmp 72 35 81 44 1
000528006.bmp 30 78 38 86 1
000095005.bmp 64 24 82 37 1
000555008.bmp 76 19 89 32 0 82 171 97 183 1
000596001.bmp 63 128 75 139 1
000501007.bmp 99 90 116 101 2 64 88 87 104 1
000659007.bmp 83 237 108 255 1
000219003.bmp 111 74 129 91 1
000751007.bmp 76 27 89 36 1
000390009.bmp 86 95 102 109 1
000985009.bmp 72 146 86 158 2 73 121 83 132 2 69 135 79 146 2 49 157 58 167 2 110 22 134 35 1
000815007.bmp 31 60 39 71 1
001120002.bmp 74 76 94 92 1 62 129 76 141 2
000039001.bmp 65 223 84 238 1
000140003.bmp 72 154 90 170 1
000525009.bmp 99 164 107 173 1
000887002.bmp 57 38 69 53 1
000137001.bmp 83 18 104 31 1 146 117 155 127 2
000335003.bmp 8 100 22 124 0 158 88 169 107 1
001089007.bmp 39 74 47 85 1
000850002.bmp 67 50 77 60 1
000656005.bmp 86 86 96 93 1
000971005.bmp 83 29 93 36 1
000402001.bmp 93 28 103 35 1
000458004.bmp 86 84 97 97 1
001099006.bmp 120 57 132 69 1
000368011.bmp 84 168 94 174 1
000592011.bmp 111 67 117 74 1
000865005.bmp 114 43 135 60 1
000821010.bmp 157 78 169 94 1
000499007.bmp 122 85 134 101 1
000402002.bmp 77 27 85 33 1
000365002.bmp 74 169 85 177 1
000262004.bmp 112 75 135 88 1 105 86 119 96 2 74 86 98 101 2 61 139 80 155 2 17 185 25 196 2 75 104 111 146 2 105 111 114 120 2 60 241 73 254 2 77 240 97 257 2 109 257 119 266 2 41 108 52 119 2
000329008.bmp 62 236 88 253 1
001009002.bmp 107 71 130 88 1
000726005.bmp 119 28 138 43 1
000387001.bmp 62 39 71 48 1
000227011.bmp 73 91 83 101 1
000046008.bmp 91 35 98 42 1
000589004.bmp 117 114 136 134 1
001073005.bmp 77 25 98 37 1
000535008.bmp 92 156 104 166 1
000580001.bmp 65 74 75 85 1
000917001.bmp 48 122 59 133 1
000711004.bmp 93 22 106 34 1
000339001.bmp 63 188 81 201 0 109 34 126 47 1
000617004.bmp 85 140 98 151 1
000152005.bmp 139 63 160 86 1
000860002.bmp 112 37 143 57 1 92 97 99 107 2 10 106 22 121 2 18 158 28 171 2
000456003.bmp 75 82 86 93 1
000152007.bmp 82 79 101 101 1
000648001.bmp 58 158 68 168 1
000533008.bmp 65 37 79 48 1 89 42 99 54 2 103 44 111 50 2 110 57 117 64 2 63 159 74 173 2
000087003.bmp 76 247 101 265 1
000094006.bmp 58 67 88 84 1
001038011.bmp 69 29 87 43 1
000383005.bmp 79 136 118 160 2 143 146 164 170 1
001071003.bmp 28 79 38 91 1
000191005.bmp 101 75 114 87 1
000179005.bmp 37 37 51 51 1
000405009.bmp 68 30 81 39 1
000821002.bmp 30 68 41 80 1
000465005.bmp 97 82 109 97 1
000203005.bmp 32 90 45 104 1
000450010.bmp 110 158 120 166 1
000501001.bmp 86 87 100 101 2 66 81 84 100 1
000390001.bmp 31 96 42 110 1
000465006.bmp 47 93 57 104 1
000224009.bmp 74 166 106 188 1
000385010.bmp 103 159 112 167 1
000786004.bmp 55 28 68 36 1
001109005.bmp 72 30 80 38 1
000864004.bmp 82 184 115 212 1
000670003.bmp 19 50 31 65 1 128 113 144 130 0
001071001.bmp 105 90 121 107 1
000164010.bmp 93 29 113 48 1
000506002.bmp 29 123 38 134 2 91 25 105 33 1
000549004.bmp 55 65 87 82 1 101 244 123 264 0
000009001.bmp 23 65 33 78 1
000414009.bmp 93 168 102 177 1
000956009.bmp 110 29 121 39 1
001086004.bmp 82 75 94 87 1
000525010.bmp 75 165 86 172 1
001009004.bmp 56 77 80 91 1
000570007.bmp 58 28 72 39 0 93 190 108 201 1
000191004.bmp 132 62 141 75 1
000331003.bmp 79 191 96 205 1
000262007.bmp 80 65 108 79 2 84 57 101 68 1 34 135 52 158 2 53 160 69 175 2 76 117 86 129 2 148 124 159 136 2 168 146 178 156 2 141 138 150 148 2 125 134 141 157 2 116 160 127 170 2 96 228 107 237 2
000546005.bmp 75 76 86 90 1
000332008.bmp 75 167 87 177 1
000099002.bmp 79 186 89 194 1
000076005.bmp 32 106 49 129 1
000658004.bmp 30 85 50 104 1
000119009.bmp 132 69 159 92 1
000505008.bmp 76 20 91 32 1
000380004.bmp 97 160 110 170 1
000292002.bmp 139 113 151 124 1
001087009.bmp 26 145 34 153 2 176 149 183 158 2 84 26 108 44 1
000341006.bmp 85 158 110 185 1 63 149 75 163 2
001087007.bmp 91 153 101 163 2 116 27 146 49 1
001040001.bmp 30 92 40 105 1
000431007.bmp 91 74 106 87 2 96 137 111 152 1
000231008.bmp 79 27 96 41 1
000687011.bmp 68 26 84 37 1
000335004.bmp 135 96 146 113 1
001108003.bmp 77 136 86 146 1
000067007.bmp 111 142 136 167 1
000429005.bmp 97 168 108 178 1
000521009.bmp 81 219 91 227 1
000419007.bmp 60 78 92 93 1
000496010.bmp 132 79 143 90 1
001089008.bmp 18 80 26 89 1
000104002.bmp 17 86 24 95 1
000562006.bmp 80 21 97 33 1 67 60 76 68 2 50 181 58 189 2 26 151 37 162 2
000706008.bmp 106 57 114 65 1
000194004.bmp 86 24 110 39 1
000854003.bmp 39 44 49 54 1
000589005.bmp 94 114 101 122 1
000316006.bmp 72 18 91 32 1
000878001.bmp 26 57 45 73 1
000090006.bmp 103 144 122 166 1
000645009.bmp 65 127 72 136 1 103 133 109 140 2
000499009.bmp 56 93 69 108 1
001071011.bmp 142 100 153 112 1
000499010.bmp 19 87 29 102 1
000992010.bmp 58 21 77 37 1
000268006.bmp 86 159 98 167 1
000026006.bmp 72 25 81 33 1
000496002.bmp 77 79 90 92 1
000195003.bmp 82 22 98 38 1
000713009.bmp 59 86 78 101 1
000203004.bmp 71 88 87 103 1
000045001.bmp 127 86 141 99 1
000994003.bmp 109 48 118 59 1
000785004.bmp 71 66 81 75 1
000189006.bmp 124 70 154 93 1
000410002.bmp 77 67 99 80 1
000254006.bmp 88 28 124 47 1
000405006.bmp 56 168 80 182 0 102 21 123 37 1
000079005.bmp 80 17 105 33 1 108 246 126 260 0
000898003.bmp 57 240 84 254 1
000085007.bmp 72 18 87 30 1
000715006.bmp 75 33 86 42 1
000613007.bmp 65 21 84 37 1
000058001.bmp 5 103 26 144 1
000624002.bmp 106 61 113 69 1
000686005.bmp 66 152 83 168 1
000546002.bmp 7 120 18 133 0 173 80 185 95 1
000701002.bmp 22 97 27 104 2 90 20 111 32 1
000014006.bmp 128 64 139 78 1
000355008.bmp 8 166 27 187 1 58 202 66 213 2
001006004.bmp 96 225 121 241 1
000295003.bmp 78 19 93 30 1
000337005.bmp 107 154 146 201 1
000689009.bmp 54 242 76 254 1
000701005.bmp 61 20 83 32 1
000688008.bmp 6 148 19 172 1
000298005.bmp 83 21 108 36 1 84 218 98 232 0
000017002.bmp 83 162 93 168 1
000431006.bmp 158 138 172 152 1
000716011.bmp 146 121 156 132 2 102 20 132 36 1
000624011.bmp 100 58 108 66 1
000376009.bmp 95 77 108 94 1
000588009.bmp 87 173 109 185 1
001069007.bmp 37 127 48 139 2 210 148 221 167 1
000414007.bmp 30 39 47 55 0 131 161 150 178 1
000040011.bmp 23 136 32 149 1
000536007.bmp 80 31 91 41 1
000411004.bmp 21 117 28 127 1
000091011.bmp 84 20 118 38 1
000998006.bmp 133 59 141 70 1
000758010.bmp 92 180 105 189 1
000512009.bmp 117 31 149 52 1
000183009.bmp 108 76 125 92 1
000320001.bmp 129 60 141 69 1
000783003.bmp 146 65 158 78 1
000377003.bmp 132 52 143 65 1
000637003.bmp 107 152 120 161 1
001129007.bmp 79 129 91 141 1
000045002.bmp 93 84 110 99 1
000065004.bmp 62 194 88 215 1 15 119 24 131 2
000620011.bmp 38 50 48 60 1
000597006.bmp 86 123 94 130 2 57 155 69 165 1
000037008.bmp 76 176 94 195 1
001032009.bmp 104 93 120 104 1
000713007.bmp 127 74 146 88 1
000254009.bmp 67 27 103 45 1
000706010.bmp 36 65 44 73 1
000437003.bmp 64 22 78 33 1 85 168 97 177 0
000282010.bmp 83 21 116 35 1 78 176 92 188 2
000533006.bmp 63 97 72 105 2 107 36 118 46 1 117 160 129 170 2
000549002.bmp 93 68 131 91 1
000665008.bmp 81 113 90 121 1
000358006.bmp 38 117 50 131 1
000949009.bmp 45 43 53 51 1
000825008.bmp 73 100 81 108 1
001040011.bmp 89 76 104 89 1
001002002.bmp 35 47 46 56 2 75 172 84 179 1
000950008.bmp 53 38 65 49 1 98 69 111 84 2
000265005.bmp 92 24 113 39 1
000076006.bmp 9 101 26 127 1
000094004.bmp 109 72 139 89 1
000319011.bmp 99 32 114 43 1
001076010.bmp 103 39 116 47 1
000675003.bmp 28 95 43 113 1
000670001.bmp 75 62 90 74 1
001112002.bmp 106 26 126 42 1
000779004.bmp 36 75 48 88 1
000632004.bmp 73 147 82 154 1
000347009.bmp 154 119 170 137 1
000355006.bmp 97 181 114 200 1
000189007.bmp 99 70 130 91 1
000648011.bmp 57 159 64 167 1
000994004.bmp 79 48 90 60 1
000655008.bmp 60 214 74 227 1
000546007.bmp 19 75 30 90 1
000949007.bmp 111 45 120 55 1
000916001.bmp 94 186 106 195 1
000496001.bmp 120 76 132 87 1
000517009.bmp 79 135 91 148 1
000954010.bmp 115 100 129 116 1
000026004.bmp 103 30 114 40 1
000434007.bmp 81 132 95 145 1
000072009.bmp 33 99 47 115 1
000365001.bmp 92 175 105 184 1
001077003.bmp 101 92 114 102 1
000606006.bmp 78 23 86 31 1 17 90 26 99 2 106 94 116 101 2 135 48 143 56 2
000655002.bmp 60 207 72 217 1
000337007.bmp 10 162 28 207 1 76 228 94 242 2
000765009.bmp 168 42 195 65 1
000814009.bmp 179 106 189 122 1
000429006.bmp 74 166 85 177 1
000260001.bmp 67 201 95 214 1
000346010.bmp 111 20 128 30 1
000764002.bmp 30 151 48 169 1
000526004.bmp 98 165 108 172 1
000397004.bmp 86 231 106 245 1 146 179 157 191 2 172 143 180 155 2
001040009.bmp 159 88 168 103 1
000899009.bmp 70 23 82 34 1
000891006.bmp 57 143 64 152 2 110 32 117 39 1
000053007.bmp 118 212 136 225 1
000007011.bmp 77 24 87 31 1 64 66 85 78 2 93 87 116 112 2 66 108 75 117 2 59 116 68 124 2
000567008.bmp 40 40 48 47 1
000533005.bmp 107 90 114 98 2 125 33 134 44 1
000183010.bmp 62 81 77 97 1
000088010.bmp 73 24 89 40 1
000323003.bmp 130 84 145 100 1
000629005.bmp 49 81 66 96 1
000037001.bmp 42 163 59 184 1 126 197 148 219 2
001044006.bmp 99 191 111 199 1
001097010.bmp 78 205 102 217 1
000444006.bmp 89 174 99 183 1
000040010.bmp 38 148 48 159 1
000522011.bmp 85 181 94 189 1
000872001.bmp 166 150 175 164 1
000860001.bmp 28 107 44 125 2 35 161 46 176 2 134 106 141 115 2 133 41 157 58 1
000949008.bmp 73 43 82 51 1
000169004.bmp 80 228 102 242 1
000376010.bmp 46 76 57 88 1
000254005.bmp 59 218 78 232 0 93 32 127 47 1
000126001.bmp 87 155 110 167 1
000919004.bmp 4 128 25 173 1 109 103 119 113 2 106 87 116 97 2 84 87 95 100 2 93 83 107 95 2 110 81 120 91 2 82 71 99 82 2 67 80 86 97 2 79 99 94 111 2 83 110 98 132 2 71 103 83 114 2 59 101 73 117 2 35 101 49 116 2 46 114 61 131 2
000673010.bmp 45 42 53 48 1
001051001.bmp 73 43 84 50 1
000138008.bmp 118 188 136 206 1
001042006.bmp 57 96 78 114 1
000155003.bmp 32 61 44 77 2 22 86 31 97 2 99 103 110 114 2 78 181 93 192 2 72 21 93 36 1
000499008.bmp 96 90 111 107 1
000179003.bmp 84 37 99 48 1
000227002.bmp 106 81 115 91 1
000772011.bmp 100 183 116 194 1
000201009.bmp 39 92 60 112 1
000559004.bmp 100 116 109 123 1
000093006.bmp 56 225 82 247 1
000067004.bmp 218 133 237 161 1
000726007.bmp 78 42 94 53 1
000275004.bmp 92 29 110 39 1
000376002.bmp 9 78 19 90 1
000603001.bmp 131 240 147 255 1
000918002.bmp 58 21 71 31 1
000671011.bmp 67 26 82 38 1
000544006.bmp 70 206 84 218 1 30 142 42 154 2 20 154 26 163 2 91 163 101 172 2 87 32 96 39 2 148 81 158 92 2 142 66 151 75 2
000658001.bmp 170 99 187 118 1
000941003.bmp 91 84 102 96 1
000153011.bmp 69 213 88 227 1
001086002.bmp 168 98 178 108 1
000420001.bmp 117 150 129 162 2 82 166 90 173 2 134 116 143 125 2 146 82 154 91 2 84 26 94 34 1
000095001.bmp 120 27 141 40 1
000576010.bmp 67 37 77 45 1
000088007.bmp 103 29 115 38 1
001052003.bmp 55 134 92 170 1
000279009.bmp 159 49 171 66 1
001006008.bmp 64 219 78 233 1
000294002.bmp 58 17 91 32 1
000452009.bmp 18 77 27 89 1
000476010.bmp 102 74 115 87 1
000223007.bmp 93 73 103 88 1
000617006.bmp 28 140 38 151 1
001046006.bmp 132 82 143 96 1
000104009.bmp 154 81 171 105 1
000194006.bmp 75 20 99 32 1
000337004.bmp 163 148 192 195 1
000816007.bmp 92 69 123 83 1
000828011.bmp 37 89 48 103 1
000779005.bmp 9 75 22 90 1
000673009.bmp 74 44 85 52 1
000683010.bmp 121 59 135 71 2 155 90 165 101 2 164 95 175 109 2 100 22 121 39 1
000183001.bmp 30 78 41 94 1
000779003.bmp 80 75 93 87 1
000717006.bmp 91 20 109 30 1
000619006.bmp 65 23 98 36 1
000824005.bmp 78 76 96 91 1
000183002.bmp 10 77 21 98 1
000835004.bmp 34 205 60 224 1
000506003.bmp 76 26 92 36 1
000603005.bmp 76 243 92 253 1
000105001.bmp 87 18 117 33 1
000076004.bmp 68 101 88 124 1
000521010.bmp 63 205 78 214 1
000103010.bmp 12 71 26 87 1
000363007.bmp 57 36 69 44 1
000536008.bmp 64 31 75 39 1
000478004.bmp 145 87 154 97 1
000227010.bmp 115 86 123 99 1
001086003.bmp 119 91 131 104 1
000434008.bmp 51 135 63 149 1
000494002.bmp 155 121 163 136 1
000563001.bmp 130 57 137 65 2 25 148 41 163 1 160 56 173 75 0
000358005.bmp 69 120 85 135 1
000528005.bmp 77 78 88 88 1
000954003.bmp 16 98 25 110 1
000132009.bmp 85 17 108 31 1 61 178 76 192 0
000713008.bmp 96 80 115 93 1
001075005.bmp 64 29 71 35 1
000621001.bmp 92 28 103 38 1
001071010.bmp 158 87 165 99 1
000905006.bmp 85 217 106 233 1
000204008.bmp 61 157 70 164 2 125 195 133 203 2 88 19 107 30 1 145 191 152 200 2
000122006.bmp 79 183 92 196 2 81 34 94 47 2 74 23 104 35 1
000414011.bmp 47 160 59 173 1
000262006.bmp 118 169 133 186 2 131 162 140 171 2 92 145 114 169 2 102 70 127 82 2 93 61 115 74 1 140 234 150 243 2 136 127 147 138 2 172 142 186 164 2 38 228 47 238 2
000757001.bmp 106 22 131 34 1
000992006.bmp 116 24 141 39 1
000597004.bmp 110 153 124 162 1 57 89 64 95 2
000828010.bmp 75 91 85 104 1
001093006.bmp 58 140 69 150 1
000763005.bmp 95 25 109 38 1
001040010.bmp 128 90 142 103 1
000766007.bmp 129 107 139 122 1
000342011.bmp 129 143 140 154 2 90 18 110 35 1
000118006.bmp 95 251 124 269 1
000465004.bmp 134 86 147 101 1
000765011.bmp 124 28 158 50 1
000898001.bmp 77 245 104 261 1
000429004.bmp 121 168 127 175 1
000407007.bmp 84 231 108 244 1
000865006.bmp 91 45 129 65 1
000487008.bmp 79 44 93 54 1
000148004.bmp 61 29 75 41 1
000056002.bmp 18 64 30 79 1
000195005.bmp 63 21 81 34 1
000850003.bmp 46 47 56 55 1
000845007.bmp 116 32 128 38 1
000697007.bmp 58 146 67 154 1
000878002.bmp 23 63 35 74 1 165 156 182 172 0
000199002.bmp 74 33 91 45 1
001052001.bmp 166 132 182 167 1
001108004.bmp 44 131 55 142 1
000491009.bmp 63 32 74 40 1
000695007.bmp 45 162 54 172 1
000452008.bmp 47 76 61 92 1
000053008.bmp 101 208 117 221 1
000425001.bmp 110 229 162 252 1
000596010.bmp 156 131 172 151 1
000568009.bmp 52 187 61 194 1
000919001.bmp 142 122 176 163 1 152 117 165 131 2 117 166 127 175 2 116 173 130 186 2 106 157 120 171 2 127 193 139 208 2 116 201 125 211 2 83 210 94 220 2 113 111 126 123 2 109 90 127 108 2 129 81 146 97 2 130 66 148 81 2
000065002.bmp 83 200 116 220 1 50 121 58 128 2 69 127 78 137 2
000379001.bmp 64 35 79 48 1
000901002.bmp 67 242 92 257 1
000565001.bmp 102 155 112 164 1
000155004.bmp 62 104 74 116 2 55 182 69 191 2 64 21 84 35 1
000508005.bmp 87 26 98 32 1
000353007.bmp 64 140 82 154 0 64 21 78 33 1 86 40 101 56 2
000780007.bmp 66 226 97 237 1
000719003.bmp 84 109 93 120 1
000648009.bmp 102 160 112 169 1
000018003.bmp 11 122 19 135 2 37 49 46 59 2 29 161 39 173 2 62 179 72 190 2 163 174 172 185 2 79 217 104 232 1
000224010.bmp 60 163 88 182 1
000564003.bmp 73 181 87 193 1
000164009.bmp 123 42 143 60 1
000419006.bmp 75 74 108 90 1
000195004.bmp 70 17 88 31 1
000577010.bmp 146 97 155 106 2 167 136 177 145 2 139 74 146 83 2 171 217 181 229 2 106 239 138 256 1
000751006.bmp 81 28 90 35 1
000390008.bmp 121 97 133 110 1
000201006.bmp 161 76 184 98 1
000972010.bmp 83 225 111 239 1
000043011.bmp 128 20 151 36 1
000687004.bmp 64 22 78 32 1
000415005.bmp 141 115 151 128 1
000223008.bmp 39 72 54 88 1
000537010.bmp 85 110 94 119 1
000436003.bmp 33 106 43 118 1
000624003.bmp 61 71 68 78 1
001021003.bmp 60 26 68 31 1
000546003.bmp 157 78 168 94 1
000204007.bmp 95 157 105 168 2 142 195 150 203 2 93 17 114 33 1
000322004.bmp 125 86 144 108 1
000216001.bmp 20 70 30 81 1
000832008.bmp 83 244 105 260 1
001087010.bmp 72 25 94 43 1 160 147 172 160 2
000580011.bmp 36 85 44 93 1
000341005.bmp 144 139 171 172 1 53 117 65 130 2 36 135 48 145 2 127 130 141 143 2
000768003.bmp 136 145 150 161 1
000937005.bmp 69 204 82 218 1 105 19 117 29 0
000455011.bmp 126 193 137 203 1
000854001.bmp 84 47 98 59 1
000825007.bmp 109 100 117 109 1
000838003.bmp 75 169 92 179 0 96 28 108 37 1
000202001.bmp 52 194 74 210 1
000755005.bmp 140 111 151 121 1
001099008.bmp 50 53 61 63 1
000501006.bmp 92 95 109 104 2 79 83 98 97 1
000125008.bmp 106 107 118 121 1
000067005.bmp 200 135 217 164 1
000585004.bmp 27 71 35 78 2 97 23 112 33 1
000507006.bmp 63 60 79 75 1
000463004.bmp 45 185 52 195 2 99 236 121 252 1 123 147 134 157 2
001037008.bmp 117 66 144 81 1
000558002.bmp 74 159 83 167 1
001053002.bmp 73 18 96 30 1 104 29 121 41 2
000399011.bmp 87 186 106 204 1
000872002.bmp 137 150 149 162 1
000088006.bmp 113 31 124 39 1
001084008.bmp 71 173 80 179 1
000396009.bmp 67 179 79 189 1
001038009.bmp 82 22 97 35 1
000575006.bmp 90 37 99 45 1
000415006.bmp 111 116 121 129 1
000821011.bmp 136 82 149 95 1
000327003.bmp 67 160 85 175 1
000971004.bmp 105 41 119 52 1
001097009.bmp 91 203 116 217 1
000350007.bmp 69 103 85 118 1
000314010.bmp 86 17 109 30 1
000384010.bmp 111 86 121 96 1
000860005.bmp 57 27 86 46 1
000715004.bmp 120 38 130 45 1
000094003.bmp 134 69 161 91 1
000797009.bmp 119 195 129 206 1
000335006.bmp 56 85 69 100 1 141 113 148 121 2
000749011.bmp 67 33 75 41 1
000536006.bmp 105 37 116 47 1
000749010.bmp 89 40 98 48 1
000613004.bmp 104 23 121 37 1
000094005.bmp 72 69 101 84 1
000294003.bmp 54 18 82 31 1
000360011.bmp 99 16 123 34 1
000056001.bmp 42 77 58 92 1
000171002.bmp 32 156 49 174 1
000203011.bmp 116 91 127 109 1
000377004.bmp 92 60 104 73 1
000072008.bmp 73 97 88 116 1
000702001.bmp 83 189 104 201 0 103 69 111 80 2 117 85 123 92 2 89 29 98 37 1
000478005.bmp 112 82 122 93 1
000171001.bmp 57 163 75 179 1
001051011.bmp 96 59 107 68 1
000022008.bmp 80 26 93 37 1
000350005.bmp 139 131 150 144 1
000860006.bmp 38 32 71 47 1
001108001.bmp 142 143 152 155 1
000987006.bmp 70 149 78 159 1
000279011.bmp 93 45 108 65 1
000415009.bmp 22 119 30 130 1
000570008.bmp 87 189 105 201 1
000864003.bmp 136 180 162 208 1
001121006.bmp 76 201 97 215 1 79 137 85 144 2 69 92 76 101 2 24 93 29 100 2 48 67 53 74 2 126 182 131 189 2 90 94 98 102 2
000816008.bmp 72 73 102 87 1
001131004.bmp 74 22 107 35 1
001093007.bmp 30 142 38 153 1
000022009.bmp 65 26 83 37 1
000063005.bmp 77 18 100 36 1 29 127 40 137 2
000155002.bmp 41 45 55 57 2 56 61 70 79 2 46 85 58 99 2 131 101 143 115 2 106 180 119 193 2 58 20 80 38 1
000899010.bmp 58 27 69 36 1
000275006.bmp 66 26 83 37 1
000067006.bmp 163 136 182 161 1
000901001.bmp 79 244 108 259 1
000775004.bmp 133 96 141 105 2 16 99 24 114 1
000903006.bmp 18 69 31 84 1 173 126 181 141 2
001000004.bmp 73 27 91 42 1
000211009.bmp 84 32 97 41 1
000835003.bmp 41 204 72 230 1
000954002.bmp 43 97 56 111 1
000958011.bmp 79 24 97 37 1
000917010.bmp 127 118 136 128 1
000396008.bmp 92 170 104 181 1
000372008.bmp 75 80 101 96 1
000452007.bmp 84 75 98 90 1
000220001.bmp 85 30 101 44 1
001108002.bmp 113 147 121 156 1
001056005.bmp 91 28 99 34 1
001030001.bmp 69 19 78 27 1
000342010.bmp 153 143 161 153 2 92 19 111 34 1
000103007.bmp 90 78 106 93 1
000814010.bmp 144 112 155 125 1
000726002.bmp 169 44 191 66 1
000491007.bmp 85 25 94 32 1
000108005.bmp 76 21 96 37 1
000964011.bmp 127 43 139 56 1
000726004.bmp 140 33 157 46 1
000816009.bmp 53 75 78 88 1
000872003.bmp 97 138 109 150 1
000335007.bmp 24 83 34 97 1 102 107 111 115 2
001049011.bmp 109 20 125 32 1
000404008.bmp 71 168 112 212 1
000832009.bmp 58 244 83 260 1
000564002.bmp 80 188 95 198 1
000216010.bmp 87 85 101 101 1
000085005.bmp 91 21 106 36 1
000221001.bmp 96 158 106 166 1
000850001.bmp 96 53 110 64 1
000580010.bmp 76 83 84 93 1
000171003.bmp 15 149 32 171 1
000127011.bmp 88 48 101 60 2 81 19 110 34 1 121 101 142 124 2
001120001.bmp 105 81 125 99 1 86 113 96 123 2 127 138 139 151 2
000260002.bmp 55 191 78 206 1
000613006.bmp 76 19 100 33 1
000768006.bmp 55 153 62 162 1
000179002.bmp 114 34 128 47 1
000859010.bmp 88 212 105 221 1
000719005.bmp 21 112 28 122 1
001054005.bmp 65 211 76 224 1
000800008.bmp 19 171 32 194 2 99 71 116 82 1
000224008.bmp 92 167 119 189 1
000750011.bmp 82 24 99 38 1
000318007.bmp 66 24 88 41 1
000343005.bmp 83 203 94 212 1
000348010.bmp 70 38 79 47 1
000088005.bmp 121 31 141 45 1
000484005.bmp 53 168 74 181 1 67 51 76 59 2 122 81 136 94 2
000620010.bmp 66 46 77 57 1
000675001.bmp 95 88 113 106 1
000702011.bmp 75 196 94 207 0 101 37 113 47 1
000717005.bmp 95 22 112 30 1
000523008.bmp 77 28 94 40 0 120 84 125 90 2 121 92 126 98 2 134 98 139 104 2 124 74 129 80 2 130 70 135 76 2 134 113 139 119 2 128 114 134 120 2 84 82 89 88 2 96 85 101 91 2 91 142 98 148 1 97 33 104 39 2 60 48 67 54 2 43 69 48 75 2 54 108 60 114 2 120 124 125 130 2
000755006.bmp 104 114 116 123 1
000464011.bmp 152 108 161 121 1
000278011.bmp 103 197 117 209 1
000067010.bmp 12 166 34 194 1
000800003.bmp 74 66 100 82 1
000358004.bmp 115 126 129 139 1
000014009.bmp 46 53 60 67 1
000096011.bmp 96 101 103 112 2 76 76 83 85 1
000322007.bmp 43 29 62 41 1
000087001.bmp 118 242 140 256 1 23 173 32 183 2
000316005.bmp 84 17 106 35 1
000476011.bmp 63 77 75 90 1
000765010.bmp 153 30 181 53 1
000396007.bmp 122 162 131 172 1
000201008.bmp 71 86 96 110 1
000054001.bmp 70 227 87 240 1
000411001.bmp 113 115 125 125 1
000632005.bmp 56 149 66 156 1
000864005.bmp 25 198 54 220 1
000160011.bmp 27 114 39 129 2 21 171 30 183 2 72 123 85 134 2 54 116 66 129 2 42 134 54 149 2 76 210 93 222 2 43 174 57 190 1
000815004.bmp 137 63 145 71 1
000698010.bmp 112 45 124 54 1
000503004.bmp 103 27 114 38 1
000119002.bmp 101 68 128 83 1
000153009.bmp 49 148 61 158 2 81 223 100 236 1
001021011.bmp 66 29 74 34 1
000711006.bmp 68 21 86 32 1 82 171 100 181 0
000022001.bmp 60 27 72 36 1
000629004.bmp 92 87 106 100 1
000656006.bmp 38 86 44 93 1
000797010.bmp 90 188 102 198 1
000503005.bmp 82 31 93 40 1
001000005.bmp 63 26 81 43 1
000887001.bmp 83 38 101 54 1
000090008.bmp 7 141 24 170 1
001119007.bmp 46 168 57 180 1
001124006.bmp 72 182 78 193 1
000204009.bmp 31 159 39 167 2 99 197 108 206 2 125 194 136 204 2 81 21 100 33 1
000478007.bmp 26 90 35 100 1
000200010.bmp 81 19 96 32 1
000652004.bmp 83 202 95 210 1
001051002.bmp 42 54 52 62 1
000780005.bmp 85 210 132 229 1
000271001.bmp 76 173 90 179 1
000537011.bmp 48 111 58 121 1
000070009.bmp 64 145 86 165 1
000217004.bmp 77 206 91 218 1
000464002.bmp 27 103 37 116 1
000839008.bmp 93 32 105 41 1
000817010.bmp 37 56 46 65 1
000981001.bmp 82 25 94 32 1
000821001.bmp 60 64 74 77 1
000903002.bmp 129 62 155 75 2 107 50 113 57 2 38 85 49 96 2 63 138 72 149 2 170 92 184 106 1
000090007.bmp 48 144 63 167 1
001069009.bmp 137 144 154 161 1
000924003.bmp 164 106 172 115 1
000160007.bmp 170 128 181 147 2 165 72 179 89 2 188 92 196 107 2 186 131 199 147 1
000590004.bmp 51 156 79 185 1 95 124 110 139 2
000087004.bmp 63 245 84 261 1
000656004.bmp 126 89 137 97 1
000624004.bmp 26 63 34 73 1
000268005.bmp 106 160 116 168 1
000490003.bmp 86 24 99 32 1
000396010.bmp 51 182 62 191 1
000419001.bmp 69 71 94 82 1
001053001.bmp 124 31 140 42 2 78 21 102 33 1
001037009.bmp 94 70 122 90 1
000610009.bmp 81 20 101 33 1
000103008.bmp 57 65 68 76 1
000928010.bmp 68 199 88 212 1
000397006.bmp 80 234 98 246 1 89 184 102 195 2 121 147 132 156 2
000011001.bmp 56 235 79 255 1
000645008.bmp 105 124 113 132 1 132 130 137 136 2
000105002.bmp 81 18 111 35 1
001009009.bmp 108 79 131 96 1
000460002.bmp 89 74 113 87 1
001112003.bmp 105 30 120 44 1
000697006.bmp 96 148 104 155 1
000567007.bmp 61 38 69 46 1
000828007.bmp 170 92 182 104 1
000501008.bmp 100 88 116 101 2 80 83 99 98 1
000028009.bmp 91 251 125 266 1
000199001.bmp 93 28 109 39 1
000716010.bmp 175 125 185 136 2 114 23 139 36 1
000917009.bmp 150 118 159 131 1
000919002.bmp 93 115 141 156 1 109 110 122 124 2 142 82 158 94 2 102 64 116 75 2 86 74 103 90 2 58 83 77 102 2 57 102 71 117 2 62 160 73 169 2 64 165 80 180 2 49 149 64 165 2 80 187 95 202 2 72 195 81 205 2
000766010.bmp 24 108 34 120 1
000292004.bmp 59 109 71 124 1
000686003.bmp 141 152 152 172 1
000108006.bmp 58 20 76 35 1
000845010.bmp 54 31 63 40 1
001089004.bmp 151 81 158 92 1
000992007.bmp 103 21 126 37 1
001129008.bmp 51 137 60 147 1
000476001.bmp 74 81 88 94 1
000191007.bmp 23 68 38 81 1
000014008.bmp 72 53 84 66 1
000576009.bmp 88 35 99 42 1
001042005.bmp 100 94 121 109 1
000719004.bmp 43 112 53 123 1
000183011.bmp 30 76 43 90 1
000055007.bmp 97 19 108 28 0 73 166 92 181 1
000003007.bmp 64 176 77 188 2 77 235 106 251 1 104 76 115 87 2 139 75 149 86 2 157 93 172 113 2 154 113 164 126 2 161 188 168 198 2 151 201 159 212 2
000007009.bmp 93 22 108 32 1 127 64 143 77 2 135 106 145 116 2 148 84 162 106 2
000331002.bmp 96 192 112 203 1
000125009.bmp 76 104 89 117 1
000248011.bmp 85 29 101 40 1
000122008.bmp 49 43 62 54 2 63 30 84 41 1 30 189 39 201 2
000964010.bmp 148 47 160 60 1
000507005.bmp 106 71 120 84 1
000478006.bmp 67 92 76 101 1
000774003.bmp 164 132 178 151 1
000695005.bmp 100 161 113 173 1
000223006.bmp 132 70 143 85 1
001076011.bmp 87 41 101 51 1
000492002.bmp 96 241 131 263 1
000329007.bmp 92 237 121 254 1
000594001.bmp 93 213 111 225 1 70 80 81 90 2
000919009.bmp 151 156 178 189 1 158 147 172 161 2 137 109 151 126 2 141 128 151 142 2 152 105 166 122 2 128 173 136 187 2 128 192 142 203 2 129 212 142 227 2 87 220 98 229 2
000503006.bmp 64 34 73 44 1
000903003.bmp 28 134 36 143 2 71 46 79 53 2 44 55 50 63 2 89 53 121 69 2 109 46 120 55 2 133 86 149 98 1
000506004.bmp 62 35 75 44 1
000750001.bmp 79 27 88 34 1
000928009.bmp 73 201 96 216 1
000817009.bmp 82 65 90 74 1
001063002.bmp 83 209 103 219 1 142 57 149 64 2
000476009.bmp 130 73 147 92 1
000456002.bmp 117 77 126 87 1
000774005.bmp 104 124 119 137 1
000053011.bmp 52 202 69 218 1
000250011.bmp 92 200 107 210 1
000063007.bmp 57 22 82 38 1
000219006.bmp 21 55 39 76 1
000198011.bmp 84 20 104 33 1
000594007.bmp 53 213 71 226 1 137 162 147 171 2
000860003.bmp 93 26 121 42 1 49 80 57 90 2
000689008.bmp 79 241 97 252 1
000202002.bmp 39 197 59 215 1
000126002.bmp 77 159 95 173 1
001129006.bmp 120 123 130 134 1
000597007.bmp 53 127 60 135 2 38 154 54 169 1
000822011.bmp 146 139 160 157 1
000272005.bmp 43 145 56 156 1
000580002.bmp 31 78 37 85 1
000490004.bmp 72 26 85 33 1
000750010.bmp 91 22 106 36 1
000652002.bmp 108 202 120 210 1
000535009.bmp 71 168 82 175 1
001066011.bmp 113 175 120 181 1
000768004.bmp 119 152 127 163 1
000413009.bmp 23 170 34 182 2 31 190 41 201 2 134 218 145 228 2 91 242 122 259 1
000559005.bmp 60 112 68 120 1
000621002.bmp 73 31 88 41 1
000675004.bmp 9 92 23 112 1
000407008.bmp 61 232 84 248 1
000339004.bmp 68 26 85 41 1
000562005.bmp 92 20 112 35 1 102 57 110 65 2 54 148 69 161 2
000387009.bmp 108 31 115 40 1
001099007.bmp 83 56 96 67 1
001029008.bmp 196 72 213 90 1
000717007.bmp 84 19 105 31 1
000050011.bmp 125 39 151 66 1
001076004.bmp 98 183 117 197 1
000878010.bmp 141 63 156 82 1
000132011.bmp 75 19 90 31 1 147 75 156 86 2
001002001.bmp 60 54 73 63 2 94 176 104 182 1
000606005.bmp 145 98 152 107 2 48 96 54 106 2 94 26 99 32 1
000719001.bmp 141 111 149 122 1
000860004.bmp 73 23 104 39 1
000437002.bmp 74 17 90 32 1
000774002.bmp 50 57 58 64 2 181 136 191 151 1
000842006.bmp 79 160 91 172 1
000521011.bmp 48 196 62 206 1
000700001.bmp 98 40 141 59 1
000219001.bmp 180 71 191 84 1
000976004.bmp 103 225 126 244 1
000670009.bmp 123 54 133 66 1
001084007.bmp 84 174 94 181 1
000364011.bmp 83 180 99 191 1
000425002.bmp 89 240 144 264 1
000494006.bmp 16 98 23 110 1
000487006.bmp 115 36 130 52 1
000444005.bmp 106 170 115 180 1
000355007.bmp 39 173 56 193 1
000254010.bmp 70 17 97 36 1
000156005.bmp 101 154 122 170 1
000637006.bmp 26 143 39 155 1
000122005.bmp 88 22 107 35 1 102 36 119 50 2 114 184 130 197 2
000775002.bmp 82 94 94 105 1
000272004.bmp 68 141 80 154 1
000076002.bmp 148 114 160 128 1
000127008.bmp 103 18 131 33 1
000322005.bmp 84 59 105 81 1
000211008.bmp 105 39 117 50 1
000091010.bmp 7 99 17 115 2 87 23 122 39 1
001021001.bmp 84 26 91 31 1
000706009.bmp 70 64 81 74 1
001006007.bmp 71 221 88 235 1
000174003.bmp 81 228 99 241 1
000580009.bmp 118 77 126 85 1
000592003.bmp 69 51 78 60 1
000515006.bmp 72 168 84 181 1
000487009.bmp 63 45 74 55 1
000347010.bmp 111 116 127 132 1
000079006.bmp 73 18 100 36 1 102 243 122 260 0 161 165 170 175 2
001089006.bmp 79 84 89 95 1
001099005.bmp 145 60 156 75 1
000998007.bmp 96 63 106 71 1
000937001.bmp 93 23 107 33 0 106 213 120 226 1
000007010.bmp 83 23 94 32 1 96 67 115 79 2 124 86 143 104 2 102 109 112 119 2 94 116 102 126 2
000688006.bmp 23 147 34 159 2 102 153 127 180 1
000316007.bmp 64 19 83 33 1
000265010.bmp 23 110 30 119 2 161 104 170 116 2 132 73 148 90 2 81 20 107 32 1 77 197 95 211 0
000458005.bmp 43 80 52 93 1
000617005.bmp 47 141 61 154 1
000596011.bmp 136 133 148 146 1
000517007.bmp 161 138 171 152 1
000275005.bmp 73 29 93 41 1
000384002.bmp 17 92 26 104 1
000891007.bmp 90 34 99 41 1
001131003.bmp 77 20 114 37 1
000219005.bmp 40 65 52 77 1
000998008.bmp 59 52 68 60 1
000794008.bmp 78 27 88 36 1
000156008.bmp 50 159 70 171 1
000764001.bmp 58 144 79 162 1
000216011.bmp 41 80 55 93 1
000045004.bmp 16 83 27 98 1
000887011.bmp 149 41 160 53 1 41 190 53 201 0
000137002.bmp 71 19 93 34 1 126 42 135 51 2 114 119 126 128 2
001052009.bmp 151 146 173 190 1
000901003.bmp 59 240 84 255 1
001018006.bmp 124 97 134 108 1
000937011.bmp 118 207 133 221 1 80 26 93 38 0
000601004.bmp 20 84 27 92 1
001079002.bmp 22 74 31 82 1
000447003.bmp 83 27 96 36 1
000517011.bmp 19 124 27 134 1
000917011.bmp 88 128 97 137 1
000917002.bmp 23 117 33 128 1
000095004.bmp 78 19 95 32 1
000070008.bmp 124 147 147 168 1
000556010.bmp 73 166 86 177 1
000850011.bmp 118 48 129 57 1
000764003.bmp 20 140 33 161 1
000658003.bmp 76 91 97 112 1
000018002.bmp 94 216 118 231 1 48 47 59 59 2 11 110 21 121 2 28 122 37 134 2 56 161 69 174 2 95 178 105 187 2
000700003.bmp 87 39 138 59 1
000619005.bmp 68 18 101 32 1 34 133 43 141 2 28 175 34 183 2
000971003.bmp 129 49 142 63 1
000425003.bmp 80 247 123 272 1
000664011.bmp 66 27 81 37 1
000878011.bmp 107 61 120 78 1
000981011.bmp 99 35 109 44 1
000937004.bmp 105 18 121 28 0 74 204 88 217 1
001030010.bmp 52 176 65 188 0 81 28 90 37 1
000698011.bmp 84 44 95 52 1
000903004.bmp 78 74 95 89 1 48 45 80 58 2 79 39 88 47 2
000156007.bmp 67 163 86 174 1
000363006.bmp 78 31 89 39 1
000444007.bmp 77 170 88 177 1
000350009.bmp 10 101 27 119 1
000463005.bmp 78 243 100 260 1
000651011.bmp 56 157 65 167 2 144 96 151 103 2 72 202 91 211 1
000265008.bmp 88 107 98 117 2 75 19 112 32 1 80 193 102 212 0
000314011.bmp 122 66 130 74 2 85 19 116 32 1
000838005.bmp 60 27 70 34 1 77 168 90 181 0
000380005.bmp 78 159 93 170 1
000937002.bmp 88 206 107 221 1 98 19 111 29 0
000096002.bmp 98 88 105 94 2 68 71 78 81 1
000056010.bmp 122 55 136 68 1
000350008.bmp 34 95 44 109 1
000379011.bmp 70 27 82 37 1
000981002.bmp 69 27 81 37 1
000954011.bmp 82 101 99 117 1
000367008.bmp 53 24 75 36 1 111 189 125 198 0
000254004.bmp 70 213 90 226 0 95 30 121 43 1
000348009.bmp 86 40 99 50 1
000363005.bmp 101 24 116 36 1
000536010.bmp 120 161 140 177 1
000822004.bmp 31 136 40 147 1
000800009.bmp 65 85 87 98 1
000601003.bmp 49 95 59 104 1
001056006.bmp 72 24 82 31 1
001040002.bmp 9 93 22 110 1
000702002.bmp 60 60 69 75 2 71 78 78 86 2 81 184 101 197 0
000343003.bmp 111 201 123 210 1 54 98 63 108 2 28 108 37 116 2
000076001.bmp 175 106 184 122 1
000918009.bmp 77 24 92 35 1
000053010.bmp 65 213 83 227 1
000655009.bmp 27 212 39 226 1
000601010.bmp 94 83 104 92 1
000318005.bmp 95 21 120 37 1
000835002.bmp 53 201 86 229 1
000096010.bmp 118 69 126 79 1
000768005.bmp 88 156 97 165 1
000224011.bmp 46 163 75 183 1 100 29 127 48 2
001063001.bmp 91 207 113 217 1
000994001.bmp 22 139 39 159 1
000822003.bmp 57 142 70 154 1
000601011.bmp 48 84 56 93 1
001049010.bmp 122 22 138 35 1
000794007.bmp 91 25 101 34 1
000203006.bmp 9 84 20 103 1
000899007.bmp 105 24 117 35 1
001120003.bmp 49 74 71 88 1
001033009.bmp 87 21 108 37 1
001028001.bmp 82 213 106 228 1
001119004.bmp 113 174 126 186 1
000992009.bmp 70 23 92 35 1
000774008.bmp 12 120 25 140 1
000865007.bmp 82 47 108 64 1
000065001.bmp 100 201 130 220 1 91 121 100 129 2 112 128 122 135 2
000390011.bmp 17 109 28 122 1
000576008.bmp 103 31 113 38 1
001051010.bmp 125 52 133 60 1
000202003.bmp 29 195 48 212 1
000443007.bmp 80 178 101 197 1
000775001.bmp 122 98 133 109 1
